-5.357396 6.444580 1.652548
5.912775 -2.386776 3.150233
-6.744491 -1.902227 -2.737002
1.947816 -4.959950 1.729731
2.000942 1.813504 -0.929326
-1.926704 -3.437845 1.772747
-1.868576 -6.787490 -4.261602
0.847009 -6.094223 0.004641
7.161557 6.810953 2.898007
3.266958 4.207268 -6.838030
5.538241 1.916743 6.182449
-5.551225 -6.726049 -2.603829
-2.900906 -1.034359 2.999730
-1.993800 0.316762 2.173587
4.730584 1.360368 -4.650151
-0.142871 -6.426882 4.582216
-1.492915 -4.858213 -4.718842
3.835581 6.952385 0.244266
5.407909 -4.624198 4.534439
4.414334 -4.618030 5.205521
-0.648282 4.161909 -3.377199
-2.453972 -5.391321 -4.516234
5.182241 -3.411277 -0.317795
-2.881971 5.175569 4.270129
-1.574618 2.985317 6.173137
1.691482 7.063640 -2.448052
-2.009917 5.695799 1.273979
0.908531 2.748198 -4.701762
-0.900606 -4.489163 -3.890132
1.848919 -6.670559 4.771530
-0.074408 -0.164493 0.810655
4.544461 -1.517543 0.314379
-6.602520 -3.726330 -1.279304
0.924358 2.869447 -2.507221
3.194658 -4.206104 -1.765904
0.705072 -0.071525 -5.448162
3.468863 1.757751 7.242528
4.287904 -2.861693 -0.551527
-6.254734 -5.975579 -5.035338
-1.749645 0.515841 -2.867647
-3.363008 -0.360377 -5.393051
-3.322688 0.678480 -2.730116
2.680719 -2.455269 0.052331
-1.555615 1.432786 -5.866502
2.340243 -6.201905 6.818429
-0.833502 -1.331428 -7.174638
1.013391 -0.373437 -0.913386
3.212163 -1.379857 7.162543
6.262125 -1.289947 -5.682463
-6.009045 5.162194 0.360214
-7.181164 -5.417820 -5.993169
-6.332759 0.663892 -6.619136
-1.112545 3.713421 5.452694
-3.562295 -7.059665 3.284690
-2.507411 -1.887780 -6.244900
-2.440143 -1.416094 0.313465
1.605126 -3.593893 -3.747237
6.524877 -4.061989 -6.533958
-2.793461 -3.975767 4.466422
-6.013449 -1.510650 -6.674043
0.548904 -5.787151 -2.026329
4.883166 -2.857332 -4.857711
5.793859 -3.940606 -5.922809
-6.197374 2.394010 4.189429
-0.744225 6.340051 -5.117390
-5.700632 0.060176 1.009717
-6.412911 -1.692922 -5.818038
1.217485 2.057167 -3.941024
-4.822984 0.393002 -6.787707
-3.427682 3.550337 -3.552288
1.027056 -5.735239 -2.917482
-0.679979 1.260585 -0.459399
2.269290 -1.440669 0.242317
3.023447 -6.337084 3.013782
5.341988 2.502885 1.720001
6.903977 2.148941 6.010713
1.100372 3.653702 -1.276232
-6.499534 0.590239 -3.437137
2.626056 -1.989440 4.783019
-3.068409 -6.820059 6.734818
-7.234117 5.501682 4.452678
0.229530 3.597581 1.333175
5.919343 -6.462750 -0.138187
2.605110 -5.857345 -6.638052
1.210124 0.872758 -5.113971
1.864785 -5.227129 -0.421466
-0.114292 -1.591916 -4.546979
-1.281770 -3.309865 5.200685
-0.564689 1.779250 -6.262968
-6.374479 1.790963 -5.822040
-2.508668 -6.863851 3.217524
6.627299 -3.734904 -1.331315
2.692031 4.478176 1.716661
-2.561656 5.126006 0.526909
-3.255434 -2.745346 -4.148187
-3.395202 1.789707 2.207924
-3.608212 7.002150 -7.132635
-4.637262 -6.828059 5.832607
-2.163070 0.131178 0.833328
-2.939654 3.032889 4.869073
-5.274227 3.779796 6.723557
2.416629 4.072315 3.364322
0.527343 -1.990319 -6.246207
4.292323 3.344519 -5.685905
-7.223819 -4.293975 -5.864981
-2.299104 2.279824 -0.428939
-2.154963 -0.386651 5.210819
6.712548 -2.125980 -6.220072
-1.020583 7.165242 0.424123
-4.077524 0.081138 -1.165865
-5.707801 0.004486 -7.226910
7.080784 -5.499735 2.436380
0.567001 -5.325081 -4.254272
3.875232 -1.392372 -5.937053
3.521336 5.975140 -2.792202
-6.816863 6.772878 0.427720
-4.019682 0.484203 -5.114860
3.559439 -3.307281 -3.839553
-5.689740 -7.049383 1.986908
-6.885715 6.486113 -1.547456
-0.368024 -0.401713 -5.716904
6.422722 1.040469 3.597748
-5.385784 4.231160 4.425216
-5.809806 -0.754654 -5.934806
4.329736 6.594365 1.152714
-2.319847 3.002051 -1.924561
6.291325 0.329330 -4.000500
-3.909295 -6.024003 2.048807
-1.853535 -0.623880 2.647853
-2.476079 -5.874976 -2.681408
2.128130 5.611589 3.020052
5.777417 0.296269 5.709506
1.043499 -6.501864 1.167632
-0.548955 3.083835 -3.507445
0.203567 -0.303847 -0.370654
3.026330 2.036108 0.638012
0.752097 3.687547 -5.297704
0.944842 -4.225089 -1.649118
-0.352397 4.513018 5.370149
4.142337 -3.651524 0.131767
1.829210 -6.004480 0.336015
1.251546 -1.222713 2.168264
5.258323 -5.338576 5.454704
2.578533 0.597870 -1.716177
-1.883000 -0.103861 -4.132756
-5.762981 -6.089520 2.274975
-7.181116 6.126896 -5.921731
-1.068577 2.090447 5.911100
5.311871 1.144511 5.453759
7.112203 4.618246 -2.179199
-1.826034 3.262941 2.987069
-5.460623 1.879788 5.126106
-2.664754 5.004711 3.158038
2.796487 -6.648897 0.796838
-4.530125 4.945813 1.840936
1.530957 5.864011 -2.892434
-1.581346 3.702537 -3.817513
5.232360 -1.351136 -6.267501
5.684178 4.665732 -7.026614
6.425387 -2.086761 5.079332
-0.667953 0.929931 5.291375
6.099897 -6.239440 -3.373182
-4.185304 1.990395 6.304750
-1.810390 -5.825918 4.085465
3.529367 -0.019724 -1.802086
-3.743584 0.488269 3.488416
0.967564 -6.679780 -1.846769
-3.074362 2.063308 -3.615970
6.020155 3.343133 0.109536
-3.754305 3.773406 6.758495
2.038226 6.684592 3.235032
6.347613 6.926186 -1.966528
0.609660 6.542731 4.772666
6.538527 4.160253 -5.569720
2.969587 -2.942194 -6.693542
-3.881271 7.183059 -1.337612
5.604897 1.920315 -4.521763
-6.137171 0.019200 -5.350894
1.636219 0.773992 0.892421
3.813721 4.708970 5.519701
5.397138 -0.936202 -5.309170
2.194874 7.255131 -0.644894
7.225031 -5.166519 5.416553
-6.858058 -2.126126 -1.088810
-1.831903 -0.200869 -6.230102
3.084848 -1.097567 -5.384638
-2.546159 6.712321 4.480443
-6.291793 -4.015378 -5.856411
0.096223 7.067822 5.467846
-2.010874 4.804042 -5.191353
-1.048692 -6.495520 4.047707
4.454198 -1.586690 5.081823
-3.659753 -4.546553 -6.321054
1.263754 4.640449 -1.034840
-5.397676 -1.541067 2.475674
-2.143446 3.603929 6.805881
6.858711 0.223614 1.524346
6.083406 5.774009 0.295643
0.505106 -3.855952 -6.187713
1.278392 -3.260665 -1.342777
-4.219221 -4.605803 3.273335
-6.671844 1.299042 5.830376
4.578895 -1.839866 -2.137431
4.383980 -5.468138 -0.782631
-3.749522 6.051022 -6.809779
1.854473 5.628504 -0.398703
-1.739054 -2.245833 6.249069
-4.638538 -0.644531 -2.929239
5.205291 3.719523 4.196624
3.998047 -0.017898 4.396182
1.075725 -1.101816 4.275830
-2.781154 3.139177 -1.046447
6.246146 6.747698 -5.145770
-4.314069 -3.081772 2.597850
0.229555 -1.722855 5.536171
2.618477 3.432045 -2.245271
-1.194606 -3.905488 0.936912
1.209119 -4.602434 -5.616418
3.008234 -5.717264 -5.753195
-2.784542 5.388374 -1.260594
7.023629 2.872862 4.646772
3.111819 -1.620222 -3.225932
-3.771293 4.860128 5.123264
5.770213 2.752807 -5.246808
-2.576829 4.075117 0.439482
-3.332457 -1.971955 -2.363965
-2.394935 -3.138129 -0.512562
1.190277 -3.171315 4.573457
2.216351 -4.868167 -1.365314
4.933275 3.668142 -1.669893
-1.031214 -6.112835 -1.846894
-7.177783 -3.903746 -4.789341
4.449939 -2.310650 -6.489608
-0.380536 -4.480787 1.458418
6.511096 5.003490 6.129394
1.650854 -5.440767 -6.439215
-0.916147 6.328770 -1.907841
1.031476 4.177934 -4.355372
-4.599477 -0.173879 6.644425
1.444978 -4.895382 -2.347024
3.332158 -1.141813 -2.231237
-4.406003 0.363368 -3.168126
-3.654730 5.634228 -0.757807
1.855645 -4.327190 -3.001992
2.248410 3.357367 -6.797773
3.058025 -1.554238 1.775821
-1.685148 2.902779 -1.128970
0.385097 1.176292 -0.090002
0.363052 2.900192 3.316964
-0.623009 3.299089 6.902359
6.950144 1.603565 6.992298
-1.143359 0.939137 -1.745423
4.837052 -7.177117 -4.898033
-3.243941 2.579071 6.769794
2.826538 2.507066 1.542248
-5.991928 2.572198 2.377092
-1.071758 1.607708 -4.270586
-0.455698 2.814879 1.490870
-2.706401 -4.537962 -3.326181
-0.812335 -7.103217 2.459017
5.569051 -0.173741 6.701446
-4.781530 4.721633 5.546713
-1.614685 -2.434675 5.141670
-5.721508 3.628397 -5.175187
-6.208659 -0.306735 -3.991926
2.918728 -0.653737 4.481613
-5.284616 1.452538 3.180082
4.738510 4.668563 -1.057746
-2.974553 6.455585 6.753127
7.267234 -3.298937 5.970454
-1.459577 3.330295 -4.870188
6.575454 2.855555 -2.390776
-2.387140 3.004184 -3.897347
2.983092 0.046809 2.350491
6.880303 -5.718347 4.664990
-2.246573 -5.564985 1.608537
-1.227289 5.547956 6.111551
4.302213 -2.764684 2.438436
3.517974 3.286571 -6.486823
-3.931742 6.357964 2.831689
5.320805 -0.953053 6.078456
-6.514184 1.303050 6.867441
-5.216131 -3.465872 7.207116
-3.625744 4.949727 1.166841
-6.413714 4.780670 2.538447
-3.322114 -5.961548 1.257454
5.571952 5.059734 -4.654216
6.162026 6.651526 -6.060427
-4.079696 -0.045989 -4.075349
-5.903255 5.419002 -5.140948
5.515413 -6.644851 5.316869
-5.006310 -6.138174 -3.988506
3.359807 0.102030 -3.723371
-5.250746 3.994055 -3.960255
5.767076 -5.888761 -5.853926
-0.418735 -3.228260 -6.516008
5.351158 6.708769 0.830672
-6.360956 0.120322 0.154237
-4.279790 2.260304 -5.729684
3.414128 -2.836555 -1.028935
-0.461961 -0.910907 0.368377
-6.965765 0.558348 -5.615647
-3.626765 0.623600 0.438913
5.199224 6.036038 4.651659
-1.176407 6.673388 -5.986822
4.534795 7.218047 -5.937221
2.635306 -6.369363 -2.059181
-3.872676 5.055133 3.487515
0.544344 0.391517 -4.333074
-4.324510 -0.745204 5.610668
4.579685 0.829102 3.234975
-4.947532 -1.419553 -5.278836
2.823015 -2.581080 -2.886216
-3.683812 -4.075589 -0.357395
1.712086 -0.822267 -2.626850
-7.257880 -2.621164 -3.194939
-2.099444 4.638014 7.198865
2.590427 1.156486 4.310815
0.303940 -4.732229 -2.438120
1.330055 -2.161248 -6.888227
-6.259694 3.291553 -3.362073
-1.720419 -1.231491 5.702130
-6.959226 1.850337 -3.059774
5.478480 -6.603471 3.364775
-4.580119 -4.153313 -3.274680
0.398717 2.192254 -6.657535
-5.248807 4.591566 0.851643
-3.923279 -6.421256 -1.762473
-5.870396 -4.092584 3.074833
-6.758995 6.318412 -3.357218
-3.359428 0.283586 -0.523235
1.847828 -7.117948 -4.249421
5.538962 -0.026817 3.108099
1.049480 3.941429 -0.326812
-1.497874 4.686999 -4.337923
-2.829495 -2.232765 -0.155052
5.434391 -0.445181 4.065134
-0.839486 -4.865242 6.303063
4.981764 -0.475411 5.015401
-7.219618 4.045793 4.830299
1.681208 -2.221226 0.533242
-0.562641 4.152173 -1.517654
-4.952700 1.096623 -2.755551
-3.699444 5.320888 2.508939
-2.059735 4.615360 2.414108
-1.354193 3.874276 3.680657
-6.996230 -2.830902 -4.177766
-6.799925 4.857668 -0.166103
-5.889021 2.206426 -3.397022
-4.578881 -2.880026 -5.496750
4.697170 3.648459 -0.640731
1.851071 -4.024841 5.807158
-1.065474 -0.644787 3.340611
-3.404898 6.510077 -0.825107
5.557813 -3.670960 -6.787854
-4.887689 5.062593 2.993105
-4.355647 6.189849 -0.214099
2.342898 5.750187 -5.046553
-1.623138 2.980340 0.020414
0.750084 7.083568 -6.891246
-2.074832 -4.828621 -2.635644
2.488461 5.025583 -4.284327
3.491101 5.706666 0.516003
4.532619 0.803661 4.331312
-4.113781 -2.677026 4.791150
1.091719 -3.143234 0.589990
4.997914 -4.063422 -5.316755
-0.417546 -2.121548 -1.454431
-0.471436 -2.097424 4.722189
-6.016343 3.629362 2.508057
-6.450153 4.977918 1.455872
-1.186912 2.157776 -0.158361
5.169561 5.399776 1.843427
5.289421 -1.381810 -1.430912
2.405872 -0.115094 -6.206093
-2.164729 2.673290 2.181165
-0.546285 -0.450258 -6.684487
0.679512 5.651715 6.509177
7.224770 -3.006512 -0.956534
-4.779587 0.253335 5.632407
0.849825 -2.556756 -0.307942
3.557490 -3.117689 -4.839155
0.807111 1.989693 0.304798
1.878701 6.077855 4.067407
-4.519551 -4.517499 4.518985
-0.450479 -6.510830 3.224769
-4.463463 -6.123089 0.754129
0.895774 -4.185215 3.332026
6.670017 3.215433 6.372240
5.386780 -1.388185 -0.195584
-1.842959 -5.169340 3.244703
-2.203197 2.464792 6.818396
-7.243743 -5.498825 -0.720298
-4.277591 -4.883491 -0.424507
4.935945 6.064567 -4.393229
4.720808 2.705495 2.506435
-3.880176 1.158849 4.248283
4.799737 -6.328403 4.219293
-6.367458 -7.067995 -5.790139
-4.306243 3.892652 4.753309
-7.096638 -2.950623 2.501396
3.098545 -4.388542 7.079586
2.586959 4.488285 5.687238
-3.041613 -3.716905 -5.970812
-6.138226 -1.804891 -1.947069
-4.991951 5.168342 -5.855062
-3.084988 -0.839079 5.141425
-1.404069 -2.204845 -7.198161
2.326735 -7.009540 -5.462337
3.342265 -4.151082 3.078296
-3.184277 -1.018337 -6.462956
-6.477948 -1.117956 -1.165611
-5.974110 -0.645026 -0.351562
5.758089 0.835574 -4.813199
-5.042978 -0.622795 -6.944665
-0.199435 0.195534 -1.890658
4.457448 -6.015222 5.271748
-3.150322 1.991260 4.040961
-5.651548 2.186005 -6.540113
1.258246 -2.248578 3.870942
0.351928 -0.400238 7.113663
-0.320701 6.903760 -0.286556
-5.042499 6.120379 0.733771
5.541674 -0.575295 0.677397
-1.382994 -4.178768 -0.242860
1.637981 1.102960 -1.585682
3.340454 6.983850 3.904357
2.933656 1.920770 -4.585762
3.758828 -0.168337 -2.796854
2.906707 -0.805151 1.161688
5.806788 -6.822187 4.344279
6.163492 -4.259458 3.690103
4.630828 3.124020 -6.717814
1.377072 -3.163176 3.509895
-2.684650 0.768923 0.194187
-2.171650 -2.137378 -3.864263
4.891990 4.383979 0.005834
0.187147 -5.116014 0.705015
-4.934227 1.376866 5.914172
-3.219321 6.628348 -6.056477
6.504181 5.926798 2.209610
4.986949 -6.897810 7.057271
-4.100427 -0.933955 4.583107
1.835082 -7.020193 -1.514574
3.111398 5.858390 -6.386741
-2.545738 -6.848981 -3.077282
0.527694 2.518122 5.243512
1.455736 1.705673 -5.754436
0.391872 3.330996 -6.269188
3.277451 5.052097 -4.895267
4.607464 -2.333321 1.562176
-2.545414 -6.587007 1.116692
-6.342720 -3.793819 -6.814131
-2.256054 -3.125575 4.810026
6.470829 -6.120517 -0.842913
-2.213970 -3.631277 -7.007109
-4.022578 1.446334 -3.099743
5.512157 1.509257 7.061582
2.568671 -4.773726 4.210767
-0.247759 1.675796 0.378377
4.851428 0.601805 -5.379589
-4.948809 -2.317821 -0.358065
3.006468 -2.359800 -5.762879
3.860328 0.884039 -0.323368
6.655921 -1.831893 -2.954531
-3.561015 3.484302 -1.535890
-2.494167 -0.970881 4.309979
6.043949 4.104503 -4.457174
6.485157 4.065771 -2.711387
-0.339314 6.141982 4.303911
6.660417 -6.389071 4.052395
2.623754 -0.414444 -2.341343
-1.599621 0.334838 3.496651
-3.236639 -4.843786 -1.032811
0.026154 -1.965543 -2.798731
-5.399469 -3.650167 -1.795198
0.774371 4.428072 3.770184
3.379994 2.401894 -1.185064
-1.044856 -0.119842 -2.283320
3.140759 -5.332580 6.822723
-5.102561 -3.283361 3.214153
-2.418372 0.708158 6.611904
6.772603 2.519116 1.635257
0.480105 0.135240 3.674639
5.125164 6.250722 -6.147769
1.754274 -6.435729 -2.536544
-2.405873 -5.656468 0.516714
5.698304 -3.438533 -4.931350
4.055312 -1.199802 3.311286
0.735836 0.946784 4.261649
2.489531 5.146546 0.404676
-1.118848 4.285865 -5.305880
-2.921115 1.008830 3.791232
-0.181679 1.251299 3.908975
1.989831 -2.816444 -2.127860
-5.680893 6.679604 4.068436
-2.112075 3.795414 -6.622910
3.450038 0.572274 -6.803960
-3.782836 -3.531738 4.589244
-1.278292 -4.844381 5.409688
6.022381 0.944643 -2.004839
5.642003 -2.888260 6.928795
-4.543853 -0.772209 -1.585401
-5.802983 0.822320 -4.085366
1.900330 -4.890640 5.062450
2.499743 1.247484 -0.119293
-0.370705 -4.230264 -6.733382
5.216196 3.686675 3.041598
-3.529263 -0.522446 6.297312
-4.948613 0.042170 -1.977743
-0.662525 -5.265460 -6.408037
-4.109004 -5.257328 1.288836
-6.876603 -6.174531 5.299984
6.083677 5.958893 -4.372745
-6.553780 5.936401 -0.384603
-0.689240 -2.476883 5.643205
-6.822179 -0.337763 -6.065854
6.680150 1.980170 4.452771
-6.390335 -1.090418 2.450040
-2.232834 0.874604 3.029816
2.319702 -3.771304 3.670906
-4.876773 6.849493 2.480850
6.062268 1.989459 -6.693973
-3.203271 -5.576523 7.003867
-0.681685 1.427750 -7.149845
-1.898455 3.666852 -2.522795
3.129683 -2.641597 2.674380
2.550014 -3.992267 -3.851366
-0.761155 0.954782 -3.172702
-4.687671 -6.597233 -3.135694
-3.344626 -1.497435 -1.385659
-2.338452 6.880555 -2.501376
3.627125 -4.327487 6.082137
-3.943480 4.036983 1.600956
6.112883 0.940339 1.854185
-0.829349 5.459985 4.876194
3.405975 2.724592 -2.252142
-1.409198 2.547142 -4.244656
3.955139 0.826572 -3.242066
-0.563551 5.198521 2.821980
0.566267 -1.769981 -1.850511
3.592953 -2.413987 1.703552
-0.947324 3.981508 1.541580
1.515702 4.429783 5.449995
5.693631 5.604296 3.766263
-6.080915 -2.874606 -6.248294
2.692935 1.876912 -1.636271
-4.288437 6.489582 -2.341952
-0.650693 4.331523 0.592103
6.490889 -3.576012 1.614794
1.706155 -5.995507 -1.650227
-5.991884 3.134068 3.459421
3.716511 -1.979654 -0.308198
-1.003162 -3.334624 3.260505
6.364847 0.392075 2.682130
-4.905255 -3.401686 5.692291
4.467953 1.632223 2.001227
-5.393654 2.868854 0.367091
-4.156769 -6.874875 -4.255128
-6.032202 4.842442 -2.038057
-1.310904 3.515680 -5.952596
-4.745780 6.666419 4.530975
-4.821006 1.892357 -3.603303
-0.892521 -5.428677 -3.434756
-0.853496 -0.523915 -1.354469
-6.070596 3.508978 6.282830
-5.427101 5.105367 6.881367
4.726575 4.007099 -2.641318
-2.613959 1.875483 -6.711344
-1.875437 6.688662 -5.051702
6.744930 -3.252232 -5.548537
6.274539 -5.907711 2.937423
-1.001618 -3.007498 0.711712
6.008643 -4.824071 -1.157471
-4.501662 -3.791404 1.687487
3.156562 2.925318 5.674765
1.649605 3.134922 -4.018839
-5.316724 1.659805 -5.818520
5.947735 -2.199132 4.166270
5.618961 6.634367 3.794380
-1.064495 -6.978063 1.452398
6.700747 -1.153434 -3.659631
2.553781 -1.498512 -1.574256
-5.143770 -6.713196 0.203599
7.213981 2.419029 -5.736873
-4.487103 3.143820 0.621947
5.192232 0.831330 6.378061
2.137932 -6.591299 2.505976
2.315047 -6.138305 -3.920843
0.003755 -4.755123 3.261095
-1.952169 7.078533 1.308863
-6.359154 2.260948 -4.778372
-5.697566 5.015136 -4.045690
-6.462813 -5.293552 -1.440408
2.865527 7.151498 0.237448
-1.043568 2.401647 2.360800
-5.765929 5.559649 2.408464
-0.184772 5.485463 1.969464
-4.646326 4.529228 6.681469
-2.703975 0.265622 -3.501527
6.714779 -6.768187 0.839172
-4.131792 -1.130037 -6.887163
-4.947684 -4.109832 2.575300
2.964179 1.460318 -3.195332
6.598792 1.792530 2.310623
4.424573 -4.226140 -3.560748
4.919070 -6.534081 -6.513969
1.102385 5.356183 2.083751
-7.239471 -1.476797 -1.883525
-0.416901 -0.050468 1.743708
6.245622 -6.245752 1.773936
-7.057704 -2.714989 -2.005778
-2.474772 5.192484 -4.305234
4.880727 7.191731 6.207293
-3.815548 5.043527 -3.302597
-2.660491 -3.934405 -2.523806
5.669682 -1.367990 3.659141
1.909459 -6.981408 1.461983
-6.463633 1.281808 4.792291
6.324492 -4.846066 5.135581
6.190758 2.303334 6.789596
2.938380 -3.342300 6.974745
3.126064 6.444367 6.393502
-1.353079 -5.562536 -2.564877
-4.516797 5.147694 0.494278
0.224556 6.044427 2.725341
-1.707579 4.974968 3.242506
-2.634659 -1.356920 2.097068
-3.601551 -6.697045 -3.400100
4.811110 -5.308753 1.909026
3.497983 -2.240543 0.764625
0.959766 -5.098395 5.568034
3.428317 -6.757362 -3.468866
-6.007694 4.702905 -0.789570
-0.155573 3.886837 6.232564
-7.261500 -4.544813 -1.026989
5.887958 6.967135 5.700316
-6.984540 5.711026 2.622408
-1.513933 -2.461367 -0.747168
-4.851954 0.704169 -3.988961
4.398524 3.146449 -2.350162
5.996393 -5.808192 0.809864
-1.579491 1.375950 2.373023
-0.152513 0.210393 -3.733208
4.258526 2.957466 -1.349822
4.246142 4.169697 -6.198009
-5.331518 -4.916183 2.972609
-0.063110 3.898211 3.928906
2.830588 1.908925 -5.687150
0.834153 3.189928 0.668525
4.568694 -4.480547 0.526802
3.980436 4.169390 -4.888168
5.578302 5.040637 6.491277
2.162382 -3.862299 -1.835780
1.744810 3.330197 0.327135
3.388695 6.135899 4.551780
-4.178087 5.838154 1.289071
4.280204 -2.485249 -4.116255
-2.996522 3.471124 -5.834701
-1.863783 5.665682 2.327330
5.772870 4.818167 4.675661
-2.764040 5.328815 1.872508
-4.434034 5.925092 3.645809
-6.268712 3.591265 -6.261680
6.354323 0.723256 7.049633
4.832161 -5.645380 -1.950371
1.227123 3.305107 4.982456
3.478325 2.701224 4.754032
3.954955 2.354661 -6.094344
-4.328823 -3.126676 -1.446643
-5.109490 -5.834858 -5.231493
2.398147 7.051267 4.328933
5.563620 4.389985 1.563541
-4.890611 -0.319856 -5.828840
-2.488871 2.873069 -6.939293
0.508842 -3.862001 -5.169203
-2.941352 -6.467372 -6.884402
-2.808685 3.736705 -2.367079
0.781167 -5.427952 3.129928
-5.077004 3.476450 -1.324542
-4.847352 -1.461362 5.031677
4.119056 -3.609425 -5.599524
-3.132508 -4.350875 -4.294655
-0.276201 6.091130 0.955707
5.458270 7.141859 -6.674812
-6.091722 0.660071 3.171035
3.767026 2.644646 1.907066
-3.582689 5.315089 -4.221709
3.847117 -0.320889 1.708023
3.351941 -4.060381 4.063202
-4.293106 -4.468366 -4.271194
4.059023 -5.999287 7.147839
-4.931824 0.170017 1.934517
-5.860249 0.046790 -2.597791
3.266901 0.585410 1.432858
-0.035749 2.377573 -5.559052
-2.829748 -2.329579 -1.176114
2.459963 -2.117751 1.099979
2.444591 4.220009 7.185057
0.650150 -3.848619 6.160898
-4.395047 -3.047146 -4.449378
1.688727 6.856123 7.248787
1.668384 -5.283442 2.681472
-1.598877 -3.800325 4.338883
2.729902 0.966795 -4.017339
-5.648589 -4.253059 1.936250
-5.961333 -2.671031 2.724584
0.156246 0.793876 2.864630
1.503002 -2.191627 4.880750
3.775694 4.667708 1.797906
3.460555 0.775441 3.160997
-1.043179 -0.007046 -4.782359
0.261339 5.389840 -6.983265
5.807302 6.065147 1.378208
-2.700804 -6.637620 5.754384
-2.690279 5.184976 -3.273215
-0.166696 7.054486 -3.458312
5.521680 2.535079 0.560048
-3.152040 -6.354851 0.092955
6.727245 1.344274 -4.258302
0.389366 1.609813 -3.258629
2.078663 -6.785411 -6.799315
0.144060 -4.708059 -1.136668
-4.385581 -2.093831 -6.917000
-6.696630 3.914451 -2.420972
-6.202709 -7.156090 5.177456
1.731334 0.020560 -1.661905
-2.815508 -2.924214 -6.630186
-4.565347 0.431938 -0.288987
6.898666 2.625173 -6.985905
2.140314 -0.877600 -4.784451
2.417350 5.340210 -3.156437
-5.159031 5.092239 -3.060192
-4.590442 4.061395 -3.216467
-1.934598 4.494563 4.186649
3.839062 -1.835622 2.502545
2.758083 -5.571865 4.846412
3.722200 2.996665 -0.329405
-1.661278 4.652281 -3.314291
6.736435 1.260019 1.159871
1.355612 -0.388812 3.491372
-1.477952 -5.673267 1.076222
3.348559 -2.298006 -1.978242
3.853411 -6.062820 -1.696683
6.188571 -0.317913 -4.982667
4.812752 -6.627250 -1.302049
0.867613 -1.776689 1.282461
-1.046476 3.779296 -0.663560
-6.141293 2.189036 7.148808
-0.136415 -3.949501 2.399453
2.920037 5.207626 5.051747
-4.224455 0.983690 -2.028375
0.329063 1.449286 -5.743610
3.931133 3.777730 1.392488
1.793992 -0.211798 5.162561
1.445634 -2.538146 1.375232
4.144799 -7.113061 5.400671
-1.139884 6.385801 -3.936298
-6.094794 -6.307293 -3.535695
2.114063 0.819928 -5.340906
-5.145952 -0.195796 -0.966329
-1.711787 -4.008631 -2.175236
2.356901 -7.269772 6.539590
0.971831 1.727987 -1.085196
0.559283 4.015703 4.685281
2.713258 1.231001 6.793899
1.885213 1.281828 -3.332538
-2.374633 1.950309 -4.433909
1.179839 6.883694 0.953234
2.469236 3.437574 4.941277
1.194498 -6.090407 -3.871648
-6.353045 0.163125 6.267913
4.966243 6.308303 5.654967
-6.568305 -4.352333 3.761741
2.237328 -1.503584 -5.549483
6.796474 4.797850 -6.899062
-1.034085 4.986579 1.782423
6.290471 3.857585 4.718666
0.058146 -4.910375 -3.457059
0.548351 -1.066935 -2.647869
2.241755 -4.100133 6.777471
-2.436209 -2.063244 4.215956
-3.911197 1.818643 -7.198887
-3.785977 1.389801 -0.159238
-5.073516 2.097546 4.220688
4.338253 6.375834 -5.200180
3.695938 -6.545774 0.234970
7.245918 4.955957 6.800748
0.347387 4.544174 -1.445549
4.015397 -4.982542 1.279927
-3.043154 1.618539 5.988721
-0.942278 6.021837 0.106757
7.192819 -0.585651 0.042142
-4.867737 7.094636 -0.373558
4.647690 -6.509179 2.762246
4.145876 0.076650 -0.842037
0.774810 -3.332080 2.639813
0.077087 5.835818 -0.448993
-4.085786 -5.970527 6.626131
-3.047484 -1.151223 -3.023731
0.986799 -4.394598 2.341108
3.243481 -2.956233 4.725014
3.626714 -5.520778 2.545424
0.618308 1.810623 -2.226495
-1.156058 0.619011 4.375225
4.943918 -7.129237 1.610639
0.220921 2.207817 1.122172
-6.567575 1.413559 2.362914
-5.632093 1.364056 -7.182550
-5.622231 6.455250 -1.975418
-3.478589 -6.190201 -4.764587
-0.151447 0.552054 -7.158554
6.774923 4.428078 1.477465
-6.332296 3.610784 4.320573
3.936487 -3.334277 6.063899
-2.905699 0.283325 -4.605109
-6.003263 -0.900017 4.311934
-2.572734 1.229050 1.969110
5.334746 -2.740379 -2.986934
-3.605711 3.074575 -6.926486
6.323148 5.654513 -3.241024
1.100593 1.288898 6.014368
1.103686 7.001933 5.778088
-6.056496 3.042442 -2.381848
2.740332 -6.498092 -0.227024
2.304047 0.375005 1.684876
-2.995426 5.389105 6.874697
5.599960 4.466591 3.678209
-4.800385 2.695111 4.985333
-6.860824 3.977065 -1.201606
-2.945281 -5.620484 -3.547972
-1.887702 5.629059 -0.264714
6.707716 5.258533 3.347680
3.125375 3.162355 2.867069
0.796933 5.138635 5.278871
1.604943 0.807082 -4.147996
-7.222877 -3.027378 7.243513
-4.532399 4.680780 -2.188174
-2.666568 -4.102000 -0.736114
-1.373449 -0.726805 -5.539556
-3.605581 1.501961 -6.283307
7.277066 6.832139 -4.223714
-6.533825 7.128628 -0.633909
-3.450255 -4.089256 1.728530
-0.367833 6.609854 1.782250
-0.745764 -4.936331 -0.615857
3.357633 5.789551 2.703583
-2.448556 2.472689 5.676459
1.923972 -6.246154 -5.929469
-2.729197 6.770494 3.403685
2.189181 -2.948843 -5.781403
6.706709 -4.647791 1.967085
-0.600071 2.639308 -4.806252
2.321604 -5.678857 3.547366
5.431273 0.411144 4.659114
-5.822302 -1.975848 6.667328
-2.815828 5.789591 5.168195
-2.459710 -2.365763 -4.787514
6.756419 3.710988 -3.825915
4.482602 0.043701 6.533266
3.400226 -5.035385 -0.714089
0.817011 -6.818203 4.940914
6.435484 -4.127005 5.885316
-3.155520 1.227783 -4.525629
-0.033506 1.232953 -4.068101
5.710915 4.805966 -2.661447
-3.782228 4.740899 -0.127602
1.627320 6.747187 -3.570142
0.860201 -4.346272 -3.178389
3.963615 -5.328575 0.183563
-6.506331 6.409431 4.601038
3.652253 -1.924045 4.529314
-4.165269 -2.287432 -3.834383
-5.583656 -6.394649 -6.838226
-0.791442 -1.318127 5.267576
2.526761 -2.334551 -1.127738
7.065303 -5.040278 6.811517
-4.302155 -2.100557 -1.752465
4.927857 -2.805802 3.469330
-5.132008 -0.346067 -3.758770
-0.839248 -3.384829 1.698169
-3.934800 0.855607 1.398569
-1.043515 0.350332 -5.656309
1.826323 -0.138043 6.766696
-3.612343 -4.570047 4.150552
0.774476 -2.736286 -2.228541
7.050395 6.002464 -4.894857
-2.441504 -4.467080 -1.707577
-6.389920 2.187529 0.626469
-6.909942 5.695373 0.618546
-1.980085 -1.757098 -5.318829
6.712338 6.375996 6.891019
5.109116 -3.901385 3.862595
-4.475382 -7.077190 -2.224665
5.870691 -3.187504 5.681639
2.644296 3.704287 6.344058
1.030093 -0.998560 5.373905
-3.448787 -2.249006 -6.894013
0.318923 -2.462735 3.030540
-3.228663 1.886033 -2.555081
-4.586830 4.942351 4.285017
6.702041 -6.762515 -5.002946
5.450060 -1.702174 -2.711454
4.233268 1.055330 -7.260562
-6.993564 5.090604 -4.976117
0.547521 5.351728 -2.949576
-6.853936 -4.751286 -4.006510
-1.795042 -2.807730 -6.430130
0.842393 -1.357037 3.171153
-1.286688 -2.557980 -5.506540
1.162148 -7.070259 -0.656721
4.257273 -6.131345 1.749943
-2.096627 6.848620 6.465995
-1.454978 -1.025216 -2.071999
-0.556119 -3.115040 4.469735
2.827502 6.426832 2.223653
6.614110 -2.601096 6.347933
4.317245 -3.855518 4.477656
2.411275 -7.169906 -3.332911
0.456842 1.361734 2.103009
-4.887611 -6.134149 -1.372396
2.436608 4.110852 -6.139990
3.599986 6.446071 5.513337
4.379910 -1.199022 -0.874291
6.880543 -3.598210 -2.529692
3.536568 -3.902070 5.150684
-3.306148 2.450563 -6.268347
6.630866 -1.846065 2.450044
-0.603750 1.730127 1.663831
4.876327 4.932706 -6.386235
3.836051 2.071677 2.811439
-2.918558 -5.637155 6.030463
5.930002 3.978798 -1.847386
4.809110 -1.948002 4.197951
4.993908 2.681703 3.557149
6.928759 -6.147886 -2.793775
3.090242 -3.448798 -5.712292
-0.597895 1.588997 -5.263251
-5.570900 -6.740003 -0.744602
6.638215 -7.029731 -3.040970
-1.693686 -1.399747 -4.310801
3.417159 6.819274 -3.598428
-4.119766 -7.026116 6.745496
7.079217 6.304734 5.212723
3.019560 -3.259863 -2.165758
-7.113198 -4.312422 -1.978486
0.420559 4.436549 -6.510076
-1.092640 -1.613886 -0.779494
1.918883 1.820751 1.787401
-3.822181 6.230791 -4.915408
-4.567040 -3.326297 -0.425703
5.295466 7.039049 4.791555
4.648959 2.935786 0.136448
-2.045420 -0.381963 0.014953
4.616031 7.203670 3.601502
-1.541155 -3.592371 -1.170662
6.027683 -4.070031 -3.024394
3.062456 3.486073 1.609486
3.344060 -4.021438 -6.473662
-1.929277 -7.080048 4.136558
-0.171978 4.388909 -5.762352
-1.842760 3.777752 1.954712
0.452678 -6.890412 6.344375
-0.179970 6.913294 6.531030
4.271002 -2.737028 4.264314
2.300465 -3.757052 -6.782535
1.676472 1.454364 4.164807
5.413499 -0.063317 -3.635628
-6.959044 2.682967 -3.966506
5.726286 -2.082975 6.074478
-5.253853 -4.846479 -1.389892
-4.778971 1.437953 -5.036423
2.024279 3.158201 3.980232
-3.422175 2.189503 -4.549516
-5.653265 2.685747 -1.498070
2.043226 1.573311 -4.637033
0.267403 -3.485473 -1.211081
-1.429226 1.535054 -2.514926
0.048562 1.991621 -0.506094
-3.003442 -1.615254 -4.306647
-6.922726 1.373717 -5.009731
5.598850 2.652006 4.578003
-1.602589 -1.689751 2.216549
-4.207288 -6.725772 -0.493393
-4.752245 -5.283514 -3.368042
3.343397 3.724430 -5.445260
-6.901455 6.752893 -6.716869
-5.002815 2.325565 1.111843
1.397613 -3.376997 -6.277929
-0.124809 -0.864054 3.729035
-3.870816 -0.985528 -2.448092
1.985131 3.730398 -4.807596
4.500544 6.586270 -1.218091
-6.282003 -1.948779 -3.733927
4.247603 -0.922240 -1.891101
5.413059 5.081489 0.764092
-6.901033 4.302762 0.751085
-5.159949 5.766773 4.362604
-0.497186 -5.096978 -1.814155
6.511878 -2.580717 0.749986
-6.746553 -6.117393 2.078157
-5.518922 -3.925275 -0.796328
-5.256674 1.944489 2.085480
0.055491 0.921121 1.208238
5.435769 -6.888377 -5.747425
3.606355 -0.064305 5.700468
6.540422 4.171052 6.835346
-3.457411 5.608372 5.978686
-6.955532 0.704453 -1.055043
-5.913541 5.642170 -1.293853
6.977707 -0.246149 -7.025957
3.737285 4.901561 -3.902578
7.232476 4.289846 3.042389
1.415909 0.774771 3.323058
-6.867618 -0.311393 -0.737165
0.574697 -6.378731 2.750627
-0.224414 5.368177 -1.387784
0.074235 -5.444380 -0.275566
0.925956 5.119794 -1.990905
-6.644043 6.875657 3.650394
-5.188748 -2.365625 -4.524784
0.511381 -2.583404 -1.287084
3.528734 -4.189510 -4.543305
7.090760 0.843427 -3.466475
-3.304143 -6.245680 -5.990931
-5.478875 -2.121791 1.614984
0.146251 -0.141039 -2.862620
-5.177608 -4.605287 -2.366185
4.697988 -6.068496 6.200893
5.891101 2.151075 -2.356499
-3.045299 0.437394 -1.539346
5.582405 -3.815944 6.379505
1.149951 5.569712 3.203665
2.552990 6.364101 -2.937555
1.309514 -1.796120 -2.486831
-0.112476 4.604228 1.573568
4.085563 5.192972 -5.799884
-4.082968 5.067291 -5.211445
2.117611 4.115454 -1.542778
7.146313 0.044783 3.507631
5.774201 2.610557 2.662926
-3.030458 -5.895519 4.920268
-4.118354 -4.375359 0.834679
-3.122704 -4.912495 -2.550773
-2.185344 5.592160 -5.786575
1.626327 -4.839918 3.546551
-3.829217 -3.089196 -6.468919
4.148522 -2.535371 5.297912
-4.892328 -5.922543 -0.427212
-0.133100 -2.282221 -0.542702
1.990533 3.964016 -2.675357
-3.821396 4.878871 -7.256475
4.064447 -3.679697 -1.736030
6.173030 5.184187 1.640536
-0.483405 5.783059 6.823820
5.046945 0.411009 -1.861414
6.715814 4.798187 5.028122
-1.701094 5.549049 -3.755914
-3.886921 -7.195476 -6.253991
-0.113608 0.547148 -6.078855
5.163168 -0.383938 -0.441595
-3.068165 2.155567 0.121669
2.562019 -4.521837 -4.820477
5.451919 -5.892251 -0.923810
-0.319524 -2.493729 -7.202630
-2.331386 -0.746001 -4.696782
0.860825 -6.486133 4.043768
5.128911 2.519614 -1.721604
2.886945 2.037897 2.411844
-2.816888 -6.469777 -4.104206
-2.311889 5.398450 6.027010
-4.393351 5.686156 -2.810579
-4.630458 2.540863 -6.605137
2.502137 -4.230668 2.124011
-3.958445 -1.211610 -3.587337
-4.590671 6.670017 -7.057805
0.809229 5.391908 0.038830
5.983857 -2.901272 -1.240585
-4.017223 -3.661603 3.666727
3.186861 5.008305 -0.361989
6.496901 -1.353892 0.138296
-6.484157 -1.009534 -4.891911
5.060196 2.687389 7.040198
0.712512 6.456420 3.549455
4.791473 4.663135 -3.881299
1.376418 -4.520534 -6.698199
4.840054 -5.108180 -3.858532
-2.657114 5.993889 -4.808870
4.327087 1.666909 4.936279
-5.022248 -4.629314 -5.227844
1.386668 -7.226707 -6.193481
5.483270 0.849093 3.750618
4.233212 -4.577157 -2.568211
6.355605 -2.900386 2.288222
-0.494555 -4.086992 -1.996895
6.752620 3.179346 -4.957428
4.748981 -3.462468 5.401557
6.935388 -5.416970 -1.715713
6.235321 1.048472 4.542546
1.760228 -7.019053 0.307804
5.136640 5.390644 -0.360063
-4.682709 1.472172 -6.716814
-4.171587 0.296645 2.565194
6.647338 2.969512 2.755602
-7.176621 -2.427885 5.451571
0.754106 -2.269413 -4.820727
0.120427 -4.898951 2.292074
0.802449 6.530316 -0.734628
1.873504 4.895369 1.301438
4.615084 -1.164079 6.838997
-0.752236 -6.934263 -6.037493
-5.210796 0.499987 -4.907390
-5.602350 -0.388759 5.954905
2.188428 -2.835688 4.249707
-0.816984 -5.105611 -5.405749
4.472789 2.585592 4.525637
-0.024321 -6.836269 1.912388
-6.541428 0.695527 1.597369
4.345397 4.854502 6.893003
1.350836 7.103465 4.172822
3.896012 1.857024 -3.043086
-2.916457 -3.327029 1.239786
1.712891 6.198211 1.684571
0.848870 0.735851 -3.439592
5.576831 -6.835271 2.222969
0.530382 4.324786 0.576335
2.817651 5.322088 4.065021
4.686437 1.455220 0.311769
2.166209 -2.603332 2.999988
3.698033 0.713803 -5.765210
-1.136264 0.654224 -6.669771
-2.366009 2.929543 -4.969418
-3.844277 -3.357103 0.779889
1.832043 6.459714 6.244203
3.178734 1.295470 -0.896218
-0.450880 0.469208 0.055442
0.041890 -0.892020 -3.672562
6.392244 -0.594290 1.960388
4.594691 0.362618 5.402388
6.107926 -1.257369 -1.992541
-5.650020 6.900459 -5.373386
-0.013284 6.903666 -2.163158
4.192591 3.889891 -3.625986
-0.844419 -4.892991 0.590736
-6.583341 -3.390485 0.586101
4.339556 6.654285 4.761219
4.828491 6.992709 2.607682
6.360439 -3.041436 -6.871830
-4.093025 5.549642 -1.781387
1.301359 -4.592405 6.529231
1.732002 -6.684185 5.956797
-1.599880 4.423460 6.329332
2.078874 -3.944357 -5.706057
-5.433934 5.475642 1.456412
1.781372 1.587724 6.802553
-6.537922 -0.586334 5.615988
-0.225434 -3.938154 -3.174924
2.615039 -0.659854 -3.421938
-4.347214 1.895145 3.614969
0.962362 2.400829 7.013507
5.607794 -2.129938 1.970620
2.646245 -3.508215 2.789570
4.905569 -1.920588 3.027584
1.654542 3.329275 -1.993201
6.337239 6.869012 4.787327
4.550867 0.569517 -6.295463
0.446994 6.004976 -2.124376
-7.026326 -1.478020 6.966636
-0.432342 -2.536967 3.582013
-1.924396 -3.529127 0.362303
-2.896774 -0.016246 -6.315088
-2.024019 -5.730238 5.588115
4.470731 -2.569873 0.462549
-6.634073 6.048873 -4.343243
-0.450499 1.869805 -2.364846
-0.874724 -0.652160 4.450207
-2.257861 -5.009999 4.830654
5.789783 -3.418267 -2.063657
2.974417 -6.915775 -7.219158
-6.205102 -4.960140 2.354467
-2.199512 -3.285394 -5.613536
-4.512414 3.570045 -7.076809
-6.287547 -4.511631 -3.083851
0.373064 -3.750610 -2.314573
7.223987 -4.086711 7.182993
-1.792853 -0.341243 6.279642
-5.629437 5.069401 5.004030
5.035783 -1.597851 -4.410091
-1.934951 -7.208197 2.440881
3.418157 5.959950 -5.473362
-6.456626 -3.635956 6.712878
-5.967956 2.945178 5.052387
4.578199 2.125327 -0.888015
0.519883 -2.277308 -3.752280
3.438967 -2.081369 -6.679829
2.162763 0.576151 -0.789147
-0.010076 4.583995 -2.376316
0.105737 3.550642 -0.956112
6.170506 -5.338133 -0.209472
-0.890596 4.284347 4.541316
-1.623536 -2.277962 0.387655
3.922159 -1.360407 -3.933355
6.977041 5.487386 -0.313203
-4.288005 -3.125004 7.102843
-4.008722 2.905779 5.643366
6.619196 -1.301285 -4.653935
-2.454577 0.972262 -6.272269
-2.673351 3.619686 2.410116
4.802862 4.692055 -5.331755
2.081717 -1.786390 3.855454
-5.115078 -7.246847 -1.506187
5.106528 -5.418055 -0.005864
3.468877 -0.557400 -0.821394
-3.835985 6.446818 5.290122
4.512174 -2.903742 -2.240264
3.755831 -6.833098 2.424454
3.504531 -6.021423 -0.676755
3.613288 1.850595 -0.245720
1.600289 -1.772875 -4.689353
7.176751 3.690047 -7.157193
7.070141 -0.556386 -1.555021
1.579774 3.395571 3.069070
-4.327380 -1.326939 0.287022
3.025064 3.073303 7.050712
-3.232057 -4.915765 3.091204
-0.525267 -4.087981 6.722802
6.657388 0.345443 -1.394252
7.007572 5.863804 -6.820866
4.569789 3.345508 6.267077
-1.897876 -5.098723 6.538576
1.616847 3.479920 -5.874207
3.993471 -6.953160 4.445235
5.072142 2.488465 5.388368
7.213046 6.154773 3.786550
0.651730 3.828904 5.737846
-6.697671 -5.567326 4.360459
7.207460 -4.937453 -6.789866
6.026291 1.944288 1.318624
0.190436 -3.227284 5.215606
3.693726 -4.774803 -3.745569
-5.519686 -1.861895 4.334327
4.147221 5.922731 -6.521169
-0.443604 -1.540445 3.039575
-5.243965 2.644411 5.976800
1.005809 -1.231650 7.179727
-0.450784 -2.908265 2.505361
7.017217 6.844809 6.035581
4.391552 2.451447 -4.186727
4.554352 3.067947 1.124993
-6.558933 1.585603 -4.009336
-5.652918 -6.762723 -4.705237
-3.631369 3.025548 -0.285165
5.639528 2.104854 -3.312742
7.197778 5.573745 1.626180
5.789170 0.088903 1.420421
6.005055 2.980562 3.701162
4.623259 6.694619 -7.197842
6.652429 0.503105 5.261588
0.269210 -1.206178 -5.452107
-6.949656 2.281491 2.681143
-3.152419 -2.999860 3.255447
5.693920 -0.906046 -4.168032
1.115685 -1.973048 5.950927
-6.883696 -2.054282 -6.786019
-2.308819 -1.406275 -0.777236
-5.724612 6.032617 -7.106821
1.827424 3.538775 5.783834
-5.503673 2.424075 -5.068699
-5.264411 5.778113 -0.278486
6.164824 3.068990 -6.177586
-5.326683 0.783565 4.864747
-1.641167 2.122135 -5.161446
0.335853 -1.993467 6.683371
2.159283 0.920242 5.198367
5.078758 -3.544785 0.693083
-6.343571 -5.219049 3.391875
-7.232074 -6.800595 3.299641
4.099618 3.042735 3.320818
5.915768 -1.777095 -3.717966
1.248733 3.024674 -6.734118
-2.738029 -3.861239 2.418082
-4.787929 6.383860 -1.342148
-1.986065 -6.604448 -0.400433
-2.102786 4.744400 -2.191533
-2.723526 1.354450 -0.812998
4.816538 7.084695 -2.001427
-5.260133 -4.206788 -6.168465
-6.473771 -1.853319 4.524634
5.016174 3.598210 1.717684
-1.747071 6.478116 -6.935551
5.721563 -4.182337 1.315327
4.262068 0.722950 -2.225486
-6.884510 -0.941143 -3.406557
-7.111895 -3.196820 -6.318978
1.532997 4.805143 -3.402187
6.569902 7.261484 -6.781248
-2.324942 2.119375 4.670694
-2.181633 -1.868916 -2.746351
3.573729 -0.447433 -6.123658
5.813785 -3.590722 3.071038
-1.026691 -6.562677 -0.452357
-3.174327 5.430008 -5.567211
-4.149587 -7.239628 4.955877
5.137594 2.412530 -6.091447
5.323873 6.617498 -5.257799
1.865365 0.089904 -3.413069
4.972541 -0.951096 3.017954
1.030594 4.855215 7.235534
2.617024 2.466945 3.413766
5.857300 1.316761 2.794906
-5.112664 -3.600923 -3.961588
-0.963348 -3.386382 -2.502251
4.987244 5.087855 3.207549
3.231549 6.621863 0.962881
-2.861604 5.150827 -6.684095
-4.386202 3.794341 -1.974714
0.895581 -3.723599 -0.287637
-2.599816 1.833526 2.952821
2.094451 -4.904969 0.608636
-4.846928 -2.703715 4.024234
-5.051073 7.065672 0.805195
6.255530 -1.550795 1.067928
2.135184 -3.232713 5.243282
-5.485764 -6.689668 -5.671895
-0.932508 3.479672 -2.631874
6.245251 7.046064 1.341186
2.687942 1.083464 2.267972
-3.311858 -3.106000 -0.081876
-1.998715 6.317966 -3.253595
3.586909 -5.276989 5.629221
-1.783594 -5.037446 -3.678356
-6.019153 5.994324 0.883537
1.774370 -3.883421 0.256947
-6.683464 -5.599544 6.276941
-3.939894 -2.999670 -3.065860
-4.652492 5.755181 5.258278
0.422706 -2.744071 1.807741
0.233758 2.768006 2.285768
-2.546072 -2.450498 1.769293
-4.109259 0.072009 4.516501
1.779234 -1.155154 3.036757
2.926552 6.792229 -5.056368
5.380188 1.843710 -0.347162
-2.697016 -4.640099 6.032563
-6.672394 -4.405776 4.749350
-5.295396 -5.268428 4.928015
4.175320 5.649432 5.102397
-2.402115 -2.158682 2.881011
2.191285 -5.821045 1.257826
-3.362001 -0.712577 -4.278117
-5.702181 1.317497 4.155816
-2.531852 -4.309148 -5.289213
-6.075014 -7.037218 0.205302
2.909779 6.199971 3.539180
6.099151 6.996144 -0.641438
-0.058160 5.503779 5.763436
1.595125 -2.140483 -1.486510
0.042614 -6.005765 6.727249
1.847489 5.282691 5.791171
3.177950 3.851380 -0.067510
5.282187 -0.542152 2.109816
4.054876 -3.388777 3.532658
-2.851847 6.040345 -0.113956
4.835975 3.781996 -4.443116
3.774502 -4.990706 -1.656819
-1.999585 2.019093 -3.516520
1.537992 -2.530247 -3.295955
-5.662573 -2.383460 -5.478450
-3.418294 -5.302134 -4.441308
3.487628 1.085986 0.491345
-0.106432 6.417509 -4.313081
3.487709 -1.901982 -4.890651
-5.016048 1.197021 1.446308
-4.681911 -5.434803 7.270763
6.850999 3.645784 -0.953310
5.967145 6.801642 2.475729
2.649650 -0.319580 -1.325384
-5.706383 -3.057317 6.315955
2.634145 0.475965 0.521872
5.796129 -2.779778 1.310896
-5.845483 -1.297979 5.218067
0.394078 6.110673 -5.211706
-7.009391 0.958690 -2.346035
-4.617868 -2.622288 1.734626
0.227556 -7.146312 -0.939656
-6.368599 1.273651 -0.307281
-1.787726 -0.481385 -0.973971
-1.147159 -5.646262 7.110267
-6.236510 1.879643 3.283990
-4.415461 1.228306 2.649064
-3.338337 -3.884308 -7.053993
-3.167817 5.952525 3.744303
2.749881 2.423459 -2.923087
-4.300267 1.855754 4.878151
1.819973 -0.141309 -5.374179
2.901242 7.271201 2.819830
-3.215985 -1.590533 -5.453730
-1.904653 4.615457 1.143659
-1.521441 4.671212 5.209047
-0.400878 2.950522 5.980683
5.483202 3.477116 5.188082
-5.889400 1.168481 -5.049788
-2.561603 4.186884 -1.430391
-4.002906 0.163144 -6.198021
5.590993 3.099057 -2.483545
-2.530466 -0.850007 -5.728776
-6.890498 4.123324 1.952106
-3.387477 -1.443654 1.006655
2.200241 -3.051645 0.788000
-2.237834 0.399024 -0.847218
2.341260 5.391172 2.026176
-0.997259 -1.915229 -2.404527
-0.294775 -6.625641 5.788279
7.264486 -1.227290 -5.543293
0.857682 -1.107018 -4.428555
5.836118 -6.773648 -1.309181
5.279530 -1.331407 1.287116
3.157964 4.818084 -1.333503
-1.244513 6.436931 6.693887
-2.469442 -3.738600 6.630314
-1.771578 -6.805250 6.012283
-1.585052 2.715646 5.181589
-7.099330 -3.138579 1.489717
-5.838742 -2.656866 3.791857
-6.242917 -4.119301 1.224185
4.150106 -1.202503 1.246713
3.881781 0.501766 -4.557806
6.813411 -1.872794 3.473705
-6.493192 -6.896820 -6.764573
5.875474 5.681430 -6.444159
3.767994 -0.890451 4.897294
-0.663967 2.063830 -3.397667
-4.571283 0.948978 -5.840653
4.371206 -0.725693 5.847189
-2.428443 -0.805219 -3.674128
2.837146 3.340416 -3.414038
-6.984008 1.793337 1.477999
6.012033 4.681441 2.638995
3.297218 4.060301 2.453648
2.700281 -4.421343 -0.483675
-2.298237 1.105577 -1.842992
3.494749 -0.595828 6.635267
6.396630 -4.388277 -2.036264
-0.436108 -2.350298 1.324988
-1.523586 -4.703019 1.531029
-0.352089 -5.762456 -1.122565
-1.563098 -1.353757 -6.494849
5.584263 4.080145 -3.309260
-5.810978 7.043285 6.004247
-1.963217 -4.847225 -0.756515
-3.188962 -2.753744 -5.645703
7.100422 3.434898 -6.063058
2.799686 1.015378 -6.075531
6.740866 0.371081 -2.440211
-1.767357 6.481758 2.988359
-1.649833 -6.364987 1.972286
4.821538 3.248005 -3.401443
-6.189909 6.330244 -5.988867
-2.560992 4.573422 -5.951385
-6.686748 1.692429 -1.461254
6.250679 -5.674749 6.884273
-4.537422 5.514728 6.472346
-6.998737 -5.719992 -4.390619
1.183637 3.341817 2.087435
-4.579191 5.241184 -0.831911
0.236386 3.480523 -1.935197
7.274989 -1.217576 1.838092
-3.872085 -4.762365 7.055732
-0.501222 -1.910492 0.393612
4.241390 -4.848156 -6.987724
0.878702 5.589604 4.214961
1.829323 2.141025 -2.036929
-4.383534 4.158076 0.630050
7.095863 6.496002 -0.311997
-3.601628 2.885893 -5.243441
-5.584384 6.546860 5.120453
-5.762661 6.592669 -0.942159
-3.394100 6.288814 -1.822372
3.499782 -4.885240 4.699674
-6.675428 2.606207 -6.615143
7.155021 4.153920 -4.718728
1.684418 -0.923656 6.225955
6.898185 0.521187 -4.812980
-1.087223 -5.985431 -5.915560
4.901423 -1.007599 -3.453446
3.398037 -5.369914 -2.881468
-3.895252 -2.493672 -0.813475
-6.278979 6.485473 2.759003
-0.820244 -0.757124 6.203504
-1.388241 -2.404970 -3.293638
-2.752665 0.066321 3.480599
1.744202 -0.948952 -3.791856
-4.359158 2.930275 1.694907
6.894452 1.455721 0.202444
-2.020957 1.452005 3.897011
0.577499 -5.734460 4.668256
-3.814078 4.135456 -5.426168
3.723596 1.631833 -5.179949
-1.463619 -4.847929 4.132267
-6.832509 0.271118 7.151234
-5.715694 6.628238 0.128155
-6.510216 -4.827018 7.009937
-5.261845 2.440219 3.055141
-0.198017 3.449093 5.142565
-3.699352 -5.519040 0.319201
-0.566690 4.792647 6.371208
-5.455826 -0.630681 2.914939
0.613369 6.165292 1.698665
-6.900956 2.181971 5.189155
1.198994 2.711161 -1.376836
3.584566 1.544179 -6.359858
-5.479833 -7.108790 -3.557207
1.695332 5.667096 6.841446
-0.913077 0.532795 1.132978
-6.708039 -3.571213 3.191940
-3.719862 4.135528 -6.500477
-3.377240 -3.331566 -1.130622
1.825901 0.136039 0.025971
-2.887278 3.386712 6.190963
5.657678 1.159449 -3.820724
-6.662263 2.885982 1.630994
-7.255002 -6.514011 -6.230011
4.781274 2.332816 -2.922326
-7.205467 -7.275895 4.958312
1.967699 4.915171 -6.758753
-1.042505 -0.210974 5.366317
5.250543 3.638992 0.626055
-6.302040 -5.285478 5.217885
4.155914 5.860102 -3.600666
-6.877997 -6.794989 -4.771842
-2.522459 -5.686356 2.580864
2.507415 1.331753 1.088971
5.941495 3.658394 2.313967
-5.563380 1.788900 -4.294955
6.326605 -0.643738 3.346711
-1.932340 5.514162 -6.724623
-0.299769 -2.304298 -5.428801
0.439798 -2.464371 0.596818
-1.063261 5.648821 3.724012
1.415268 -3.331409 -5.246556
2.078096 2.417707 7.207567
7.202050 -1.569991 4.812857
-3.194755 -5.670237 -1.710622
3.756301 4.736018 4.548187
-6.691716 3.678951 -0.192509
0.036532 -6.090079 -3.574849
3.041728 2.422000 -6.664167
-4.580782 6.888348 -5.337762
-3.039535 -5.273953 -5.365396
-0.602428 -3.892163 -0.774504
-0.847150 -1.534443 3.990841
-1.489358 0.565922 0.183278
-4.596122 7.172551 3.522963
-1.152501 4.506955 -2.397457
-1.776271 -0.630025 1.558704
5.976518 -2.201671 -4.960095
-5.961851 -1.620703 3.305252
-1.534720 2.081411 -6.691677
-3.752130 2.525034 0.748364
-0.138742 6.549224 -6.034098
0.714841 1.754625 3.202235
-6.807914 -4.559877 0.514754
4.599854 -6.133033 0.733563
3.282507 -5.266387 3.529640
-0.405945 -4.427664 -4.706482
5.422458 1.468439 -5.634253
-1.582162 -6.232952 3.023828
-4.034726 -2.411680 3.405449
6.862721 -4.587846 -0.124487
4.991533 5.750693 -7.214283
-0.120131 5.281592 0.507984
-6.698731 -3.063518 -5.277603
5.024440 1.841814 2.944618
6.206929 5.480411 7.131462
-0.412629 0.047240 6.505654
6.143593 -7.034109 -4.035516
-0.778967 -6.785876 6.689629
-3.485351 4.711281 -1.477001
7.067815 2.993570 -0.276667
-3.920488 -0.020898 -2.350173
-0.999642 -7.135601 -2.190188
-3.273785 3.568583 -4.612995
-5.623988 0.873492 2.228767
4.106797 -0.643668 -0.017012
-1.842171 -4.114780 3.310103
-6.149489 5.651119 -2.932780
-1.494514 3.136795 -7.029422
-1.016089 6.097806 2.307726
-1.290840 -4.365972 -7.194268
3.786317 -1.947531 6.471808
-6.799901 1.206502 0.642231
-1.637716 2.014879 1.488229
-1.632215 2.921255 -3.136079
5.871221 -2.790173 -5.876711
-2.837873 4.309467 1.447060
-4.147115 4.039307 3.735980
5.968868 3.110334 -3.353006
-0.555101 -1.752067 -3.631341
-4.044778 1.968201 -1.859465
-4.205407 -5.214301 -1.614485
-0.107074 -6.585237 -0.084287
4.113918 -6.604726 -4.263814
-7.034039 -7.271925 -3.326008
4.143804 -0.110268 -5.242876
4.766757 5.288436 -2.909794
3.977064 2.576166 6.920822
-6.334782 -0.382619 3.437718
-3.844444 6.548845 0.615346
7.107377 -2.441036 4.317303
-1.676178 -6.941106 7.030492
-2.001855 0.206333 -1.838786
-4.603554 -0.287840 3.560520
2.490390 -4.667755 -6.511676
-2.515473 -6.202187 -5.384000
1.794882 -4.027970 2.871099
6.036781 -2.801165 -0.148558
-0.066563 4.338358 7.184580
-4.535629 -4.049366 6.515369
-1.996998 -1.687830 1.242533
-2.341270 2.632851 3.702343
0.507921 4.936230 2.774874
-0.041482 -1.126003 -0.878433
6.533975 -1.178176 4.190852
-2.144725 5.936515 6.883031
-0.094894 2.266916 6.855306
2.574334 -3.947947 4.707582
3.454223 -6.360491 5.088681
-1.700055 1.279300 -1.010595
6.864265 2.528966 -1.236217
1.235283 1.621188 5.061542
-5.844469 4.118552 0.256053
6.294983 3.888730 3.257065
4.748764 -4.208482 1.605406
3.867367 -2.966522 7.005366
2.196762 -1.030672 7.095200
-5.433319 -5.385633 -6.477990
-1.184610 -6.570442 5.162360
3.422615 3.869353 4.991798
1.606378 2.391375 3.447707
-3.327923 -2.035085 2.393985
6.154968 -1.161017 5.465671
4.268986 -4.807182 3.726965
-6.880982 -1.337405 3.682151
-1.638973 -6.869865 -5.448415
2.114410 4.109338 -3.819509
1.641595 6.560113 0.048360
5.345115 -3.701209 -3.644997
1.287588 -5.848700 6.371007
-6.144274 6.942272 1.293924
2.633502 -0.098381 6.210461
6.085076 0.966765 -0.478545
-1.610132 -5.959141 -4.939023
5.851594 0.469173 -2.973086
-1.971956 -5.270943 -5.713634
-2.959557 0.394421 1.410264
0.590522 -4.246359 -4.201927
-0.797012 -2.248390 -6.317723
2.855022 -3.069550 1.785571
-5.498409 0.724922 -0.175539
5.573273 -3.954744 -1.092067
5.076499 -0.670109 -2.398841
1.061833 -5.623604 -5.663724
-3.718568 -4.778424 -3.479921
-3.655869 -5.871579 -2.655603
6.775918 -6.883574 -0.217201
5.027329 -4.273466 7.111829
-5.015512 -1.077780 3.944084
-6.511428 -0.969114 -2.389121
5.357693 4.006569 -6.299169
7.048762 1.893145 -2.179071
-2.024401 -3.059835 -4.082445
-0.606064 -6.492974 -5.102013
-5.308737 6.139511 3.167487
-5.297857 -7.021770 4.943494
-3.370237 7.208289 -2.273193
3.740508 -4.027730 1.312394
-2.490787 -2.558305 0.826328
0.977803 6.329615 -6.043192
0.900278 4.338855 2.014437
-3.613014 -3.927618 -2.805207
6.445517 0.468505 0.547084
5.171788 5.271420 5.428956
1.672850 4.149147 4.439715
-1.351860 5.302326 7.090151
7.019808 -4.621445 4.343914
-6.409296 -1.560869 1.459626
-4.829744 0.771307 3.846148
-4.787104 6.688719 5.776464
6.322060 -3.245741 4.099327
3.426979 6.583449 -0.650469
-4.782348 -4.724272 5.563402
6.650260 -0.329487 -6.061942
-6.732803 -0.293728 1.435998
-4.838538 -2.794288 -2.515858
-2.690356 -5.912422 3.700274
-6.851257 -6.439577 -1.167078
-5.856764 -5.088537 -5.613712
1.873633 3.008205 -3.072791
-3.445228 -0.583914 -1.619262
-0.329994 -2.615778 -4.299581
2.506091 -4.651259 -2.396031
6.967620 -2.257893 -0.237368
1.755122 6.280753 5.098003
-5.034272 -6.300049 6.724965
6.803904 -2.142770 -3.970278
-2.043476 -4.559713 0.599770
3.152818 -4.237380 -3.094126
6.989682 0.482682 -0.351623
-0.639309 5.532482 -4.436886
6.263672 2.965468 5.413798
3.009790 4.000414 -4.409055
4.292490 0.298867 0.394743
-4.085385 -5.419917 5.050837
2.635118 2.984638 -5.900651
5.864651 -5.254138 -4.985619
-6.492048 -6.247641 3.063427
6.033235 -6.642773 -2.384157
-5.504694 3.974257 -6.901542
-0.757427 3.371143 2.270066
-4.203791 4.413336 2.722609
-2.744831 2.868662 -2.933507
-4.402817 -0.450321 -4.934292
5.662069 0.927837 -6.467875
-4.229233 -1.963620 -2.850831
-1.703408 3.731553 0.687626
-4.616390 0.363463 0.827670
0.112508 -1.336329 -7.013675
-0.640009 -3.033496 -1.176118
-5.497191 -5.782497 3.562453
2.126839 3.167186 1.608422
1.763362 4.544522 6.454455
-7.258698 -7.269799 -2.144402
4.832844 5.107259 4.337978
6.845501 5.078158 -6.009543
-3.881264 5.609492 4.406016
-6.343760 -3.799541 -3.911179
-5.930748 3.375249 -0.752444
3.335437 4.636626 0.814179
-6.671051 -4.877700 -5.196712
-0.738002 3.156046 -1.742807
-5.413854 4.546790 2.247843
-2.433666 3.174983 1.161561
2.167589 -4.958657 -5.684231
3.275055 -6.233856 6.332368
-5.339365 3.198441 4.222272
3.716445 5.447944 -1.769329
0.375264 -5.844303 1.828874
-1.161021 5.388259 0.838709
6.572669 6.586929 -3.620968
-3.608237 1.522056 0.757986
3.883084 -2.348317 -2.972417
-5.607874 3.120174 -4.276034
-5.793686 -4.956841 0.645686
5.932731 3.106227 -7.214203
-3.596627 0.718547 -3.734309
-4.174167 -1.362388 3.262883
5.946851 -0.311507 -2.118813
-4.882760 4.095273 -5.805395
-5.561395 -6.421907 1.280603
1.973878 3.923491 2.258864
2.655442 -1.654058 2.854685
-5.844065 4.435179 -5.955318
-3.725810 4.620621 6.148457
2.543620 -5.833786 -1.003208
-5.792608 -5.517958 7.167902
3.453117 3.828389 -2.621578
0.255527 0.622826 5.676950
-2.031170 -4.119588 5.345227
-5.270874 -3.234641 2.154437
6.441503 -2.104645 7.198003
-7.093545 4.343762 -5.771562
4.418696 -5.779589 -3.054618
1.473899 -2.188407 -5.755121
0.178576 4.630988 -3.629678
-2.952552 5.981235 0.969633
1.074184 3.351901 3.906847
3.351623 -1.256123 0.310134
-6.573854 -0.670938 -7.033356
6.032048 -0.681391 -1.100857
1.349875 2.354421 6.035518
-5.824540 -5.749390 -0.770549
-0.247234 0.724489 -4.954086
-1.916927 -6.152874 -6.542704
2.980004 4.476506 -3.304464
-4.568709 0.942589 6.912231
-6.620965 5.027117 -3.827005
4.683684 4.353616 6.096551
5.751049 1.947636 3.698610
-5.177195 2.571023 -0.633303
6.357124 6.157546 3.244791
3.363176 -5.739901 -3.787667
1.573746 -0.325732 1.867472
3.149333 0.464896 4.029460
-3.031504 1.471422 6.922595
-3.790500 -2.283628 0.266419
2.728090 4.260446 4.312949
0.101171 4.379737 -4.740598
0.577366 6.442626 0.258428
-4.630532 -6.751158 -5.136882
-3.296445 -1.325761 7.014351
6.012821 5.803677 5.480892
-1.290759 0.579963 6.719136
-7.187505 -4.319590 6.221901
-5.835731 -3.189851 -4.604363
-1.971968 7.246703 5.205984
-4.507797 3.803245 6.044687
1.108404 -7.132865 2.011312
1.391759 3.989707 1.281300
-2.992866 6.043116 -2.785874
1.948003 -0.816183 4.151736
0.663367 0.435940 6.656808
4.932883 -3.084890 -1.209658
-4.614069 -0.757100 2.433607
-0.604298 3.657527 -6.604933
3.854951 5.817258 7.038770
2.653202 -0.827175 3.407414
6.321695 -7.130231 6.768075
-0.023355 -0.374362 2.847149
1.911563 2.416484 -6.237039
4.647352 -4.478910 -1.663442
0.141391 1.363735 4.904166
-5.343128 -4.903445 -0.443476
-1.077763 -0.175597 -3.336911
-5.335141 -2.369380 -6.995314
-7.075378 2.755072 6.791677
2.499488 6.340643 7.229053
5.111710 -5.288133 0.934962
-3.702108 7.152991 5.932384
2.854834 5.131539 -7.027192
7.092296 -6.758060 1.919581
0.331775 5.427047 -4.428976
-2.096083 -3.116348 2.758654
-6.912518 -5.031828 1.557787
2.046753 -0.318069 0.969043
-3.892625 -0.258549 -7.060098
6.393788 -4.926168 -5.854163
0.860850 6.728326 6.734910
1.967438 -0.095193 2.805992
-0.673672 4.970527 -6.481743
-5.311604 3.734703 5.429469
3.579312 2.294660 3.861325
0.639134 1.173713 -6.635740
5.508820 5.738149 -2.141351
0.074518 5.437774 3.609680
-5.578829 4.965684 3.640586
0.657186 3.686351 2.864581
-1.783482 -3.016567 6.819338
1.910741 4.627280 -5.123801
5.778888 -4.986573 -3.574129
-2.778147 -0.561038 -0.886796
-7.066714 4.788976 5.709362
-6.720222 -6.836324 1.222333
4.338615 -0.031175 2.554043
0.095078 3.402752 -4.192858
-6.756245 0.100934 -1.892476
-1.858989 -5.185972 -6.797202
3.758044 5.717739 1.539652
1.210349 -0.863138 0.034741
6.899011 -4.992784 -4.743370
7.132801 -5.940082 1.313096
4.344601 1.673258 3.801920
2.440705 -3.367908 -4.791019
5.603561 3.141677 6.217358
2.566568 -5.085182 -3.778274
3.626551 5.543646 6.114070
-0.394783 1.069186 6.441079
-3.811657 1.123188 -1.116322
-5.662861 5.736232 5.744092
-6.948069 -6.633818 4.237603
3.906735 -5.293167 -5.702260
4.397459 5.984592 2.445026
-2.755493 -0.700952 1.309269
3.202299 -6.937020 -5.869216
-5.281872 -2.713479 5.109980
-5.981165 1.672345 1.452626
-2.332904 -1.085141 -7.053080
-5.933665 -5.930257 0.211898
-6.988086 -1.548243 -4.244524
7.031573 -3.690885 -3.660031
1.833280 -1.344998 1.206296
-6.250143 4.019736 5.318460
-1.592474 3.832472 -1.554404
4.645925 -5.417008 4.560546
1.477204 0.806017 7.234343
2.592555 3.100408 0.622180
-3.880239 2.918968 4.593743
6.981995 -1.414046 -0.812320
-3.266839 4.041935 4.318183
-5.569474 -4.120214 5.157556
-6.139400 -4.380309 -1.991434
5.306212 -3.158248 4.539313
3.383873 -0.111849 0.640766
-4.191532 1.331936 -4.221655
4.656524 -2.214000 7.046119
3.928997 -7.087494 6.703020
4.763274 4.364526 5.032561
-4.300720 6.991696 1.410973
-2.467287 1.211246 -3.117404
-3.506618 3.890528 5.401100
0.198934 -3.949840 4.340496
6.217875 2.394271 -0.258862
0.889526 6.875370 -1.709988
-6.901191 -6.480156 0.218999
-2.636608 0.289245 5.753360
6.727113 -5.810406 -5.451418
-0.854766 7.141345 -6.965825
-4.704492 -5.782167 -2.460829
-6.158794 4.474359 6.903062
1.760920 -3.167851 2.143609
3.938667 5.624281 -0.788235
-6.041155 1.980000 -2.251647
6.827411 5.177119 0.774917
5.242976 -3.327578 1.898659
-1.257748 -2.410476 -4.360881
-4.330723 -2.196405 5.625273
1.629060 -3.827015 1.440301
7.187157 -1.107522 -6.598230
-0.403047 5.530809 -2.438075
2.424019 0.581896 3.220641
6.763582 -3.927762 2.651884
-1.981948 1.636693 6.202513
5.446363 -2.341490 -6.725275
-0.027338 4.904760 4.524194
2.843321 -1.473528 -0.593547
-5.832012 -5.626396 -2.636654
2.640108 -5.455252 2.353572
-2.217225 3.998473 -4.482331
-5.472518 0.519162 -6.070051
2.976340 -5.468339 -1.861137
0.007164 4.694380 -0.475590
-2.157345 -6.116876 6.860495
-0.894707 -1.603989 -5.050267
-3.679071 -5.469165 3.975394
2.222433 -3.460020 -2.854065
3.831704 0.751454 2.278137
-2.643795 -7.057273 -6.021931
5.529327 -1.392277 4.756866
-2.339164 -2.135694 7.138399
-5.056140 1.957660 -1.644542
1.404339 5.551061 -5.451275
3.056848 -2.579322 5.893402
6.741202 6.159667 -1.413804
-4.770434 -0.541620 1.194829
-5.059613 -0.505009 4.860865
6.606352 -5.794765 -6.497679
-3.586961 -0.315471 -3.278561
4.722548 -6.311719 -0.226881
-3.604472 -7.260996 -0.025081
-6.061134 -2.195066 0.538746
4.769163 4.569357 2.193989
5.005426 -0.196332 -4.563669
7.174369 -4.586662 -3.067011
-4.373614 -5.570096 3.062856
-7.268795 -1.353496 0.808123
-5.321283 6.265052 6.548244
2.890490 -5.577792 0.170747
-5.892880 -2.970130 1.170172
2.359799 1.561660 -6.847042
5.429686 0.034026 -5.918236
2.790543 -3.800561 5.766317
0.034531 -5.782933 3.803296
-4.804820 -6.126828 -6.216774
4.215938 -0.051459 -7.083825
2.071165 -5.246669 7.211074
3.888197 2.978648 -3.194927
-2.145514 2.755556 -5.963786
1.472667 -0.175436 -4.380804
-6.560874 5.448686 -7.176038
3.040340 3.217319 3.928136
2.750649 -6.341146 4.132928
4.394528 -2.201831 -1.289222
-6.792114 -2.690495 3.588684
6.071459 0.023561 -6.747646
-2.231021 6.576667 -6.022195
3.787679 -5.910821 4.236522
4.108673 1.022686 -1.294843
-2.696420 7.107392 -0.440252
-2.617759 -1.219778 -2.142970
6.322063 -4.258194 -5.081219
-6.252175 -0.966880 0.650518
7.125623 2.179216 -4.769373
0.726244 -0.816869 -6.307761
-3.184122 4.514299 2.371718
-0.929967 5.959452 -6.696661
-2.767035 6.700311 5.776209
6.505558 -4.878005 0.900786
6.755564 -1.580758 6.081026
-2.061001 -4.142970 -4.221885
5.885752 -5.309818 1.813225
-0.896315 -5.468525 3.563214
1.713519 -1.929570 -0.451413
0.805287 0.198369 1.477838
4.587848 5.697805 6.301508
-3.179665 2.724233 2.719685
0.046205 -1.162586 4.682659
4.773821 5.675940 -1.292836
-7.086278 -0.594253 6.495660
-0.010015 3.658408 -0.028899
6.271275 1.867590 -5.253410
-6.918323 3.313362 2.940861
4.857915 0.839348 -0.600588
5.575342 3.998492 6.809445
7.115801 7.044543 -5.728591
-3.726997 1.570950 -5.280785
-6.878811 0.449080 5.274873
-2.727658 4.849872 -0.377268
3.827626 4.972186 -2.801746
4.485775 -4.823891 -5.001094
-2.864069 5.947199 2.813044
-6.491286 5.595620 5.261320
-1.561230 5.594414 -2.651625
4.893352 6.411539 -3.196661
-0.102111 6.383730 -7.050887
-1.777530 -0.237160 4.265935
-4.411838 2.346948 0.025109
1.711923 6.483149 -1.063393
2.643765 -0.553641 0.073498
-4.349736 -3.769453 -5.831069
5.170936 -5.825910 7.111579
5.225112 -0.473931 -6.836553
-1.726498 -6.533109 0.625252
1.576288 -4.058919 4.268947
1.441928 2.163621 -2.952002
7.039311 4.962384 2.342558
-3.413938 -4.091236 -1.803014
-3.165663 4.436704 -3.978953
6.056473 -0.323772 4.906270
2.089478 -2.028819 2.043370
0.189712 -6.795579 -2.765207
-0.223116 4.090999 2.798299
4.849289 0.432801 -2.891589
1.015298 5.237830 -6.379012
-6.450418 -5.816975 1.044983
-1.568614 6.792339 -0.417493
-0.414820 3.453405 -5.465682
-4.056518 3.418045 2.508080
1.092032 0.637323 -0.783326
-6.456151 0.463693 4.132626
-5.922775 -3.675602 4.242892
7.006246 -6.408831 -7.258726
2.048061 6.987830 2.233263
3.582996 6.260042 -4.556406
1.993423 -1.325210 5.298419
-2.077898 6.031429 -1.950621
2.805508 -0.742285 5.512642
-2.930028 2.287707 1.466302
1.280651 6.385690 2.594890
-2.998086 4.193096 -7.205701
6.155384 4.127414 0.725832
3.022080 -5.114599 1.110909
3.834600 6.681111 3.045149
-4.914771 -1.605873 -3.580613
-5.629677 3.055067 1.501230
1.517266 -6.287447 -4.903875
5.788391 6.427422 -2.806725
1.010219 6.125059 -7.072336
7.114747 0.906426 2.266959
0.522296 -0.659385 -1.669919
-1.894226 -1.826482 -1.656304
-0.209334 -5.551584 -2.713263
3.554957 3.055329 0.840590
-5.608035 -5.131370 -4.610536
-2.569329 -4.811192 3.890729
-2.998318 -0.128574 0.364583
2.793748 -1.235964 -6.368345
-0.294392 -4.991310 4.462268
3.853213 4.288203 -0.642059
6.379001 1.287838 -2.872642
6.410784 -5.275070 -2.648751
-0.563847 2.618137 -6.858009
-6.273211 -7.176451 -1.758521
-3.172629 -6.568008 -0.828180
3.391807 -4.432839 0.343525
6.773109 -5.334694 -3.686014
3.012295 1.002655 5.841508
-6.021707 3.782787 -1.721154
4.981332 -0.479055 -1.415518
-1.116762 6.500361 1.255440
-0.130108 7.062270 0.947900
-4.972327 -3.437888 0.848813
5.861758 6.373470 -7.126649
1.353898 -3.673553 -2.420794
0.485301 2.873720 6.226342
7.136842 6.634547 1.961349
1.121146 -6.330706 -6.677463
-3.991815 -5.854956 -3.785494
1.772919 -3.043350 -0.305863
5.251126 -6.160294 1.493116
-3.770889 3.219271 -2.518049
4.826325 -3.652911 2.747534
3.127832 -6.845058 -1.190546
4.586726 -5.640755 -6.399000
1.515291 2.568880 -0.296391
-3.400258 2.125851 5.263909
1.271835 5.256217 -4.375449
2.995594 2.062545 6.352980
4.760937 -3.211807 -7.161239
4.234776 -5.658710 -4.358708
-3.606543 -2.390049 1.387367
0.622699 5.120119 1.161863
-7.250090 0.739142 6.397520
1.495303 -5.093937 -3.619961
2.642293 -3.933269 1.002956
1.162615 -5.164995 -1.251303
-3.723795 -3.569771 -4.936581
5.472535 -1.561227 7.051967
-3.109828 -2.553197 -3.093639
-3.970590 -2.122490 -5.926429
-2.450663 7.226416 -7.096865
-4.921175 -2.035215 3.277912
0.380905 3.290076 7.207185
-2.039886 -0.528050 -2.787419
0.897938 5.621434 -1.088918
-6.512183 -2.830139 4.675304
1.375816 4.415909 -5.968996
6.995266 -3.283128 0.082587
2.014679 5.832452 -3.882345
3.114571 1.903595 5.301224
-5.145073 -0.487929 0.313633
-5.608182 -0.939227 1.587193
-3.871671 -5.567485 -6.649903
7.221370 3.636824 3.893237
3.230632 3.418891 -1.169511
2.773338 4.873588 2.870814
2.821225 -1.337819 -4.270957
3.394508 4.572550 6.716227
-3.006466 6.932047 -3.281457
-1.423315 3.003254 1.498376
7.130451 3.447024 0.829337
5.905707 -5.732268 -1.827525
-6.417919 3.158024 0.656053
-0.816660 -6.390078 -6.933651
-3.136590 5.091936 -2.385233
-2.786120 -6.551086 -1.896543
3.882541 4.177086 -1.773111
2.499327 -6.053853 -4.968881
-0.198146 1.431222 -1.434962
6.606312 -2.376067 -1.806508
-1.635856 1.444916 5.193054
-3.210600 0.713854 2.592574
5.932448 -1.952147 -0.824229
2.471784 5.167987 -5.936874
3.564627 -5.959454 0.958343
5.358250 2.944590 -4.307902
-0.080563 0.541746 -0.883904
2.770343 0.175637 5.158489
-4.764396 5.812385 2.287447
-1.353204 0.934982 -4.913201
-0.140301 -5.481342 5.415399
4.226900 5.113024 0.178231
0.531497 -4.474408 -7.152609
5.717007 -6.811299 0.791960
-5.003418 0.920852 -1.312491
3.078917 0.000803 -5.270269
-1.172841 4.251661 2.609898
-5.598838 -1.227738 -4.178197
7.022968 -0.646012 5.290725
1.739734 -2.677707 -4.344470
6.105891 3.139698 1.176771
-6.646911 6.750394 -5.097065
3.532080 -0.299037 3.228216
5.457527 -7.169054 -3.197369
0.053402 5.574200 -6.006280
-3.053147 -2.843969 6.823480
4.754140 4.856062 -2.041521
4.467789 1.505261 -5.910615
3.431607 -3.247454 0.735679
-4.214633 4.060756 -0.981897
3.518110 -6.212994 -5.062286
-3.467235 -0.780874 3.831461
3.445761 -1.621410 5.502138
-2.940452 -6.508379 2.020324
5.344916 -4.280477 5.474373
-1.305091 -5.415346 2.432185
4.686932 6.071216 3.536960
2.470004 6.727963 -1.657676
1.936182 2.145440 0.659743
-1.116407 7.079678 5.970932
3.537479 0.507088 6.701099
-3.070080 4.550430 -4.973848
-5.548375 1.896286 0.234295
-4.412303 -3.685896 -2.286235
-2.475543 -1.695047 5.349893
3.214670 -7.078587 5.866850
-3.482911 2.849796 3.711603
-0.860599 6.478348 -2.868716
-6.784397 -6.412558 -2.248953
4.661772 -4.067473 6.213777
2.718608 5.751511 -0.954882
-2.226736 6.853116 -4.094334
-1.467478 -1.312451 0.226366
-1.037884 0.178825 2.697019
0.266147 -1.833292 4.010293
-4.735963 -4.103272 0.041971
-4.579677 1.225322 0.445620
3.975096 3.556283 4.247918
2.582473 6.147736 0.073780
-6.222585 2.738331 -5.732299
-0.686003 6.291866 5.546880
-1.660165 4.685546 -6.181298
-5.074846 4.559611 -0.208155
-0.777794 3.399181 0.447306
-1.219829 0.614592 -3.975175
-4.094289 6.421846 6.688430
4.700071 -2.715426 6.129627
6.308072 -5.822686 5.473932
0.712021 7.021181 -4.156696
0.751796 6.633003 -2.965682
-4.829426 2.931317 -2.207090
2.414418 0.564500 -6.925481
0.670243 -0.250498 4.627978
5.423498 -5.438859 3.691635
5.143943 -4.771947 2.933172
0.208618 -7.223480 3.819744
-3.709389 -7.130900 -5.281931
4.146724 2.278317 0.638325
-2.097544 2.327692 0.625242
4.444455 -6.877322 -3.344608
-4.902223 -3.084735 -6.438736
-0.198739 -4.300216 0.142611
-5.749512 6.438656 -3.541239
-7.104837 2.679495 3.730561
-3.888947 -7.016844 2.296684
0.659077 -7.067996 0.390094
3.907366 -7.027132 -6.781394
-6.193767 -2.149829 -4.692591
-6.543956 6.463828 5.891613
-4.498698 -4.196457 -6.891579
6.968984 1.443514 -5.877471
0.014318 -3.506159 3.338451
1.482010 -6.203593 3.231453
3.335841 4.626762 -5.917860
-6.701701 -6.968280 5.985104
5.635539 -5.168178 -6.765215
0.877648 -4.284046 0.569270
6.869635 7.020157 3.980227
3.634513 6.459370 -1.856308
-5.845558 -6.366962 5.788620
-5.900311 -2.844296 -1.235992
4.397509 6.098882 0.029091
5.640535 3.755170 -5.314904
-7.008903 5.246921 -1.139752
-5.786285 5.284629 -6.537172
-2.782001 6.972901 0.550533
2.410089 2.799761 -1.237658
-6.240049 4.415104 -4.844904
2.604273 5.254912 6.484295
-5.090794 -4.236637 3.659756
0.828886 -5.415987 7.237820
-6.209061 2.523887 -0.310091
-4.138268 3.326106 -5.981162
1.233109 3.842700 -3.405766
-7.251956 -3.635425 4.119385
4.635676 -7.100827 0.509222
2.638888 -3.527216 -0.055930
-2.342038 -4.418788 -6.223590
3.837489 3.640808 7.064752
0.244254 -5.029297 -5.129446
-5.183783 7.204661 6.811209
-6.390284 -4.733408 -6.499104
2.198532 -1.994844 -3.774440
6.633373 -3.094767 -4.565650
6.418064 5.874465 4.441529
-5.963436 -5.330798 -3.719030
-1.566591 -7.209356 -3.324670
-6.550375 3.816698 -4.083386
-6.805451 1.649277 -6.792144
2.768457 5.797282 -2.071858
1.739520 -4.121623 -0.835512
1.571144 0.593476 -6.217270
-0.661737 5.297563 -5.351934
-7.186108 3.139321 -3.059129
6.804482 6.257636 0.803815
5.900565 -6.393035 -6.832677
1.097480 0.570042 5.127234
-6.297352 -4.693232 6.005837
0.823240 -4.815247 -0.367825
-1.057775 7.216113 -4.528894
-6.469886 6.059366 1.797206
-3.416372 -4.069460 6.444272
-2.322801 -2.953605 5.884270
-2.199683 0.906262 -4.162644
5.099083 1.419097 -2.457386
3.172239 7.160347 4.960772
4.412606 3.363834 5.201658
2.530607 -2.976018 -3.812032
3.467535 2.670529 -5.006128
-2.539649 -4.272543 1.488914
1.541496 4.565772 2.938197
0.089994 -6.024170 -6.730175
4.776174 0.642696 -3.995623
-2.692218 -4.737874 7.239689
0.837704 4.800120 -5.224459
0.362938 -1.479895 0.072229
6.224015 0.153797 4.041881
-3.265959 3.939800 -0.610656
-0.910553 -0.850485 -4.090256
-6.920406 -5.208393 -2.409099
-7.189253 7.246559 6.927130
2.689024 5.776838 1.259631
-1.587990 -1.276351 6.686013
-3.972681 -6.559841 4.014619
5.132513 -7.186992 -0.420473
5.355915 5.983481 2.799636
-0.064230 -1.236183 1.262474
-0.007486 -6.337844 0.933904
-0.771651 -0.891341 2.253529
-1.339267 7.265789 3.355848
-2.303577 0.808908 4.840479
1.586406 -0.397809 -6.883321
-4.257487 6.004066 -5.877786
-4.355759 -1.540880 1.314803
-1.914987 4.939445 -1.079220
-1.975181 5.657561 4.687518
-5.108904 -1.479295 7.134510
-3.338410 3.825824 3.278499
-4.032787 -3.965302 5.560984
-0.831972 1.605663 4.535625
0.232144 2.470537 -1.503481
3.490564 6.685085 -7.105156
3.412489 -4.571336 2.056066
2.298112 4.651845 -0.660474
6.178022 -4.027587 4.734887
0.135006 -2.791551 6.174651
1.688090 -0.941782 -1.600969
6.339649 3.942946 -6.638235
6.232691 -1.340211 -6.802278
-2.691016 4.425217 6.266042
-3.051490 -0.307491 2.221155
5.486119 6.749467 -4.038029
-3.391374 -6.051890 2.970014
1.433070 6.361996 -4.652681
-1.573894 -5.447879 0.021184
-7.094326 0.907470 3.189873
1.005361 -4.033921 5.138126
3.576673 0.783889 5.072157
-3.589536 -1.522650 5.741588
6.082424 -3.520640 0.606902
-2.912409 6.052455 -3.760157
-4.923660 -1.381992 -6.290204
6.799533 2.023233 3.286801
3.171931 -4.476737 -5.587434
6.658643 4.681596 -1.239356
5.701433 -6.437721 6.270443
3.903985 5.040172 -6.754573
3.641619 -6.135284 -6.439031
-4.330839 2.227603 2.487775
-1.182036 1.490478 0.830337
2.040763 -2.289343 5.664694
-2.734495 -3.510677 -3.439349
-5.400259 -0.620747 -4.916835
0.223505 3.760122 -3.034560
-5.516424 -3.705508 -2.895218
6.488831 -6.879629 5.649821
-3.806070 -5.693732 -0.754783
-5.024664 -4.969021 6.540179
6.935042 6.404387 -2.649038
-6.172242 -6.642878 6.726889
-1.662794 5.709820 -4.932481
5.523158 -2.437616 -1.978972
2.169784 2.715614 2.473507
7.203017 -4.050467 5.256387
4.271862 5.278334 -4.683485
-6.180493 5.748949 3.852151
-2.699703 6.224559 -6.889854
-5.575984 -0.029511 3.928079
-2.351796 4.094954 3.237371
-4.586241 2.259743 -4.555359
2.148760 -5.521782 -2.734646
-5.805623 0.787715 5.660441
-4.302755 2.885963 6.720325
0.078668 -0.542230 5.510894
-3.893925 -5.109397 5.981309
-4.925434 5.973326 -3.689138
1.618638 -1.287397 -6.468557
-0.755411 -4.036857 3.917482
2.359407 4.123095 0.675749
2.566913 6.861733 -6.409195
-2.368505 1.387545 1.025096
1.130818 -6.920963 -3.329792
-1.300161 -4.420444 -6.126208
2.203369 6.611720 0.885564
5.303168 -5.770236 2.650762
2.334669 -1.598056 -2.587354
6.095314 1.959209 5.340127
6.698708 4.744680 -3.857237
-5.741591 -4.103579 0.153040
-5.233465 -2.140162 -1.512748
-4.249219 -0.618581 -0.475718
0.087702 -6.884228 -7.246887
6.026645 4.856257 -0.189331
5.820964 4.825004 -5.742674
-3.980901 -6.474087 -6.945317
3.636293 -3.560827 2.229206
2.559688 -2.162664 -4.796075
-1.730219 6.426764 0.503077
7.142098 1.354664 5.091968
-6.148664 -2.239653 5.548963
2.018537 -2.871524 -7.192463
6.829231 -3.120944 3.265384
-0.347476 -1.187348 -1.854218
-4.733402 4.567656 -6.715167
6.983477 -2.284454 1.596559
4.090142 6.584709 6.405729
-6.728947 -5.906146 -7.147962
7.201084 5.225499 -3.132488
-4.710344 3.571833 -0.292443
-3.353806 3.201859 1.657199
-0.157444 6.531696 -1.229661
-5.562230 -3.071883 -0.073450
-5.751782 1.675988 -0.974599
1.182640 -0.107546 5.895141
3.497929 -1.553997 -1.307737
4.252810 1.799236 -2.059069
-7.272089 -5.595440 3.413354
-6.295723 7.171573 -4.206939
0.424105 -0.636997 2.008350
-6.324040 -4.701014 -0.527320
6.338232 1.108482 5.996066
-3.281060 1.151551 5.059547
2.908699 -0.393111 -7.165710
-3.283342 -2.679892 4.248543
1.348099 1.848723 -6.815619
2.295616 2.698479 6.159839
-0.595061 0.876038 2.148018
-0.174532 -2.923733 -2.219110
6.925070 3.445150 1.934831
-6.977348 2.741135 -2.066668
1.007006 2.716851 -5.695442
-0.644692 7.121731 4.596825
0.035936 -3.355319 0.869217
3.022298 7.241462 -2.344358
-0.805988 -4.575658 -2.753884
4.820050 1.501635 -3.493537
-5.772867 -5.274678 1.577000
-5.117636 3.856034 3.368150
-1.397671 -3.858666 2.386933
0.541196 -2.892490 -5.625148
-0.553983 6.479066 3.216184
0.989300 -0.077564 -2.367615
1.558585 -5.587855 4.317591
5.138058 5.608774 -5.360382
2.523701 -3.374012 -1.066658
-5.644387 4.495659 6.015436
-0.504864 2.807601 -0.643231
-6.741804 2.864315 -1.104165
7.176565 -1.051393 2.932254
2.531933 -6.389599 5.447635
0.970844 -2.691008 6.687640
0.139847 -3.402201 7.096763
1.939315 -0.756483 -0.583541
-1.585538 6.952737 -1.400034
5.145852 -2.344092 -0.408689
0.492082 4.670192 6.143322
1.587521 3.152601 6.696387
5.237942 -2.390307 5.309408
7.164108 -2.231759 -5.023795
-0.769471 3.258405 4.292246
-4.244574 2.837278 -1.166505
0.617640 -4.744167 1.479181
-5.996171 -6.849479 4.048763
1.237148 -2.179330 2.714001
6.679086 4.589958 4.084608
-6.919794 5.541196 -2.181935
-4.704405 -5.744769 5.716108
1.485646 4.051519 -6.975718
-1.259768 -0.324428 0.750892
-2.600283 -5.717219 -0.726121
4.062798 1.155910 5.948770
3.285826 -2.299639 -3.904388
-4.672161 -6.708335 1.696612
0.403294 -1.062660 6.312499
3.541073 1.704583 1.524192
-4.651391 5.545246 -7.019443
0.297290 7.153777 2.662864
-0.717188 -7.022674 -1.322422
0.851310 -0.801852 1.043551
7.137925 0.537720 4.367272
6.498798 -5.993419 -4.456879
-6.766699 -5.376400 0.087286
-3.489533 6.991416 -4.204048
-3.918868 5.085004 -6.222964
4.982595 -5.811443 -5.156500
0.220193 -6.940347 -6.224433
-5.380506 2.939854 -7.265313
5.254008 1.562368 4.585767
-1.775288 -6.610569 -2.465105
-1.912165 1.442683 0.076313
-2.931794 -6.760222 4.144993
-6.640297 -7.219646 2.242973
4.590991 1.837454 6.599806
4.068868 -2.363919 3.364217
-5.137745 5.466292 -1.995079
-4.935812 2.037290 -2.596304
-6.360173 4.676892 4.377270
-4.385104 -1.899841 2.415825
5.811680 -0.898644 -3.068825
0.454678 1.728484 -4.739214
-4.161624 -4.770754 -2.534928
-5.588420 -2.127086 -2.888087
5.151720 -4.952885 -5.780221
6.916177 -5.830319 0.293506
-2.243306 -3.202556 3.817535
3.478008 -0.948490 2.450172
-3.983993 -0.399740 0.520208
-1.834673 3.396786 4.505777
4.824536 1.923582 -6.923528
0.556293 -2.851998 -6.745369
-0.675430 -1.960852 2.142764
5.643501 -5.850950 4.633948
-6.483100 -2.460890 1.838292
-1.314043 -3.409804 -4.760213
3.862831 -6.583222 3.503366
1.010834 -2.987873 5.635026
3.575556 3.749099 6.007563
5.505810 -2.723706 -4.106160
4.167548 -5.296578 6.438855
-0.250603 -5.792230 2.604085
-5.002558 7.063342 -4.391672
1.092322 -1.514281 -3.382236
6.927041 3.623029 -1.925397
-3.835470 -3.085999 6.057823
-1.251657 -3.420133 -6.954432
-6.900512 6.277029 6.888011
-1.015771 -5.954805 5.952325
-5.764922 1.024665 0.714701
5.450023 -4.488954 -0.188257
-6.053505 0.284825 -1.023166
-5.996280 -0.031202 4.956457
-4.199059 1.840762 1.433134
4.208522 -6.454824 -5.656351
6.230677 -4.462790 7.009553
0.858017 0.276433 0.416412
-7.214706 2.062398 -0.405912
0.952497 3.955682 6.740977
4.665096 2.375145 -5.162161
5.165771 -2.106816 -5.633318
6.029267 3.098384 -1.525238
1.508846 0.906395 2.025260
4.109585 3.855904 0.347383
6.224715 -3.800833 -0.417898
-3.398167 -3.101563 2.069722
5.366597 -2.191347 0.667430
5.177318 0.641793 2.283091
-0.586919 -1.820979 6.407786
-5.854401 0.971413 -1.894235
-0.421414 -5.668683 -4.596723
-5.579407 6.243807 -4.588916
-1.840879 -1.319354 3.558948
3.106124 0.250530 -0.312637
3.815151 7.261276 -4.962113
-5.744186 -0.627187 -1.765424
4.643214 4.119596 -7.121219
0.601544 2.918446 -0.265011
2.418785 -0.833234 2.102215
-3.236622 -1.813890 3.560184
-2.460522 6.384326 1.923766
1.669388 -4.224083 -4.628873
6.387082 -0.965368 6.877185
-2.151173 -5.641177 -1.682748
-4.849194 -6.974036 -6.662098
4.722241 -4.149663 -6.324061
1.869311 4.913881 3.794613
1.898794 5.356242 -1.462330
-6.079322 -2.908699 -3.474855
4.583494 -0.101865 3.536714
-1.696355 -7.140784 -6.457159
-6.852313 -2.450119 6.507292
6.470770 -5.243017 3.863329
5.394530 -5.675569 -2.781735
5.738100 6.117891 6.415734
-4.184437 4.119627 -4.391955
4.966405 -3.843638 -2.672047
5.630814 0.260955 -1.082991
3.102614 5.767553 -3.783792
0.445124 -5.095276 -6.306354
-6.844440 5.106717 3.545399
6.476271 2.773824 -4.129427
-4.853189 3.968551 1.689563
2.253681 -2.205218 -6.411416
-6.790762 -1.422733 -0.163665
2.754501 -4.804882 5.593238
-1.817939 6.246525 5.639015
3.088599 -2.979869 3.647122
-5.176970 0.346167 2.921746
-6.855421 -2.000499 2.725844
6.861066 2.334437 0.675218
-5.249824 2.915826 -3.192288
-4.665776 -5.493123 4.064558
3.680214 1.487849 -3.948465
-3.224905 -5.165216 1.992008
4.010888 -1.091807 -6.889687
-6.069308 4.051712 1.417151
-3.747813 -4.626202 -5.200162
3.462527 -0.690194 -4.585940
0.120988 7.117406 -5.160628
6.882422 -0.750310 -2.465018
-5.228651 4.597441 -1.344299
-2.257892 2.102040 -2.543884
-3.623316 0.129853 5.465060
-2.905996 -5.349489 -6.433596
-1.517949 -4.047882 6.351943
-1.097406 1.234436 3.257441
0.936124 1.467125 1.204211
0.094155 2.345065 -4.022994
-2.352430 6.229536 -1.050493
-6.327781 6.923638 -2.712708
3.873117 -7.111783 -1.824282
5.647592 4.414247 5.713343
0.014184 0.868336 -2.580869
-7.108019 3.227342 5.525736
-2.948413 7.132354 1.537855
-2.180915 5.767391 3.709253
4.957060 -6.577011 -2.531764
-1.125956 -3.407757 -3.631255
1.884524 5.878907 -6.525837
-5.178370 6.218293 -6.291111
-2.936499 -0.249331 -2.378740
-1.672867 -1.432628 4.670167
2.471921 2.136345 4.375724
1.169187 -7.241869 3.173773
1.715278 -5.263033 -4.671901
6.522458 4.966759 -4.824404
5.417879 2.884000 -0.782913
0.853447 -4.777995 4.361699
-0.756967 3.956027 -4.251615
-3.149170 -7.151031 4.971002
1.409567 -6.811851 6.956854
-7.113639 0.251208 0.660143
-5.410196 -4.490926 -3.679261
-5.781074 1.690922 6.292709
-6.993786 4.020713 6.362476
-5.869112 -2.874991 -2.283985
-1.200620 4.231287 7.248799
-2.149412 3.828242 -5.460788
-4.929418 -4.653113 1.403625
-3.074997 -3.840776 5.465306
6.480542 -3.537844 6.759396
-0.333332 -5.073053 7.120333
4.103829 -7.005049 -0.624427
-3.463886 -3.077555 -2.152690
5.960815 2.148687 -1.345214
-3.923122 6.117838 -3.626223
-2.037394 -3.131603 -2.840633
-2.818573 2.115840 -5.448294
2.965136 1.498833 3.414378
-0.931964 -0.593229 -0.387504
-6.115825 -1.007387 6.629517
-4.259573 -4.821042 2.186718
-3.533266 3.673912 0.631166
0.298609 -4.842123 6.318454
6.079055 -0.166844 -0.147656
-1.145157 -3.472201 -5.843976
-6.373464 -3.353423 5.540103
-0.969886 2.454696 0.764202
3.322482 -5.130990 -6.741937
-6.276458 4.107487 3.492801
-3.773851 -2.170547 6.631736
-4.341497 -1.526659 -4.476295
1.821217 5.263850 4.785130
-4.475141 3.252037 -3.984490
1.913752 1.608800 2.834282
-7.174571 -4.657634 2.925020
-0.085692 -3.191246 -0.190405
-0.408770 2.412628 5.135622
4.187020 -4.470766 2.587624
3.678767 -6.486958 -2.606066
-0.100210 -0.700644 -4.782222
-4.339448 -1.150397 6.533709
1.187389 2.542017 1.384669
-0.236858 -3.608202 -4.164536
-1.069687 -1.327450 1.368497
3.071379 0.928374 -4.976141
-1.714805 2.193595 3.068143
5.228940 1.295776 1.237302
1.032366 6.029075 5.654040
-2.932768 -4.934591 -0.042846
-0.816326 -3.020945 6.588005
-1.827652 -6.545630 -1.396590
4.315908 -0.214874 -3.744356
-6.575953 -3.594370 -2.505096
6.742481 2.178105 -3.387642
-5.666976 7.039644 -6.682178
-0.294461 1.860938 2.785899
-5.328269 3.178144 -5.949259
3.677964 -3.912017 -0.884662
-4.626279 5.038864 -3.944169
2.646331 -1.666692 6.280778
4.296966 -3.244405 1.416671
-2.457573 4.070731 -3.400006
6.660069 -0.012916 6.372752
-2.182735 -6.365040 4.861984
-5.918288 -1.950769 -0.524394
-3.247200 -1.286913 -0.374552
-5.486113 -4.023961 6.199984
-5.808952 -6.178353 -1.714168
2.617738 6.600762 -4.159589
2.126873 3.581435 -0.596538
-1.257334 -2.188742 3.027254
-3.622173 0.359022 6.765795
-5.015904 2.074338 7.068859
5.762586 -4.345382 2.309355
-1.292144 -0.401020 7.173606
2.223816 7.068116 5.455684
0.598965 -3.241721 -3.219264
-6.582777 -2.780869 -0.290595
1.241566 0.980686 -2.560627
1.699204 -1.959225 6.792135
-1.104656 5.151200 -1.747315
5.411271 6.457022 -0.216641
-2.347744 1.240319 -5.150440
-4.254235 -1.795059 4.183935
-1.012150 2.567418 -5.866971
1.756471 -6.288905 -0.626633
-4.591625 -6.327184 4.900386
6.231496 5.727813 -5.448877
4.473967 -3.233439 -3.345102
-6.874956 -3.898586 -0.305120
-5.266732 -1.409811 0.691805
-0.819058 -6.481437 -2.994998
0.440643 -2.939665 4.023188
4.548092 4.348366 3.707926
-3.813796 -3.920493 2.622734
-1.340460 -5.669529 -1.004383
-4.339937 0.905501 5.103818
-0.438523 -1.329896 -6.139567
-5.818751 -0.980206 -3.130786
-3.038864 7.043616 2.524611
4.282499 6.900326 -4.093583
0.954530 4.091782 -2.364993
-2.690212 -3.368806 -4.831844
1.395790 5.846182 0.822813
-0.421507 -2.765664 -3.311199
-5.122139 4.593309 -4.871053
6.078114 -5.050996 6.084315
-1.732094 -4.100483 -3.190422
4.692053 -1.755661 5.927999
-2.942028 -4.013404 0.396509
2.655302 3.042947 -4.583469
-1.467624 2.446728 -2.064988
0.533868 -2.364056 4.855414
-6.209151 -5.962635 -6.182367
1.364543 2.429364 4.430846
2.667841 6.045297 5.363848
-6.166932 6.904915 6.953063
2.313955 1.332077 -2.387548
4.122742 -2.482902 -5.543768
-6.186032 -2.769761 7.153454
-5.413971 0.567912 6.585696
3.806253 6.778652 2.020337
-0.846836 5.199826 -3.237870
-4.958672 -2.726623 -3.484630
3.987972 4.765212 2.874678
-1.004709 2.015234 -1.248483
-5.167125 6.694747 -2.770238
7.073046 7.221756 -1.112254
1.635255 -5.796748 5.385389
-1.517528 -2.601943 1.474346
-4.859477 5.649330 -4.883760
-1.176834 0.359430 -0.935685
6.355277 -4.892178 2.847110
-5.193410 -1.404551 6.013616
0.990766 0.088524 2.634423
-4.407161 -5.371871 -4.576235
-2.522078 -2.497472 -2.099147
-7.137509 -0.285828 -5.020745
7.027575 5.767731 -3.968069
6.222629 -2.956235 -3.481903
-2.609491 4.806820 5.259902
-6.399594 5.427873 6.360258
4.407836 -0.902846 4.159547
-3.246394 -4.842687 5.038578
-0.472709 -3.768037 5.779419
1.857598 0.334416 4.092922
4.519176 -5.716838 3.249890
2.526419 0.034402 -4.396650
4.468781 6.044317 -2.318971
1.214806 -5.451384 0.947397
-2.163439 3.715594 5.425366
5.496253 6.598581 -1.448760
2.183203 -6.953395 3.493051
6.187621 7.005596 0.334003
-7.027480 -4.050773 1.920414
1.522172 -6.041381 1.995254
7.135303 0.788366 -6.773626
-4.918948 -5.573547 2.061723
-0.900401 5.012447 -0.687646
-2.141341 -4.690774 2.339970
5.799323 -1.298318 2.485039
2.704204 -2.213942 7.152511
-6.580410 4.539063 -6.733178
-0.636939 -0.928850 -2.793177
5.392558 5.570194 -3.665887
6.596827 -0.504573 0.889975
4.491330 -3.695069 -4.490865
-1.365603 -4.757257 -1.534459
-4.690680 3.518117 -5.007493
-1.902738 -6.078077 -3.490608
-4.601957 -4.148311 -1.195679
-7.068313 -2.428043 0.637282
-5.778045 -6.180979 4.848748
2.350084 -5.481172 6.138899
0.684012 1.442929 6.970875
5.814390 1.474849 0.435672
-1.681532 0.551428 5.745693
-6.044617 4.529192 -3.169696
0.721473 -6.003642 -1.016865
-2.387245 2.091792 -1.427163
-6.287280 2.584312 5.965804
-2.922037 -4.015881 3.364624
4.068993 5.374776 3.599046
-3.214121 -4.860079 0.924731
4.665017 5.665673 0.935687
-1.416846 2.363975 4.155744
0.554579 -6.089202 5.747990
3.099627 -6.181846 1.903275
-4.767290 -6.562955 2.716947
4.497710 4.672591 1.067799
6.977154 -6.224674 6.259011
6.338275 -7.252456 3.233424
5.984051 5.733172 -0.864808
-1.133763 -3.165889 -0.258562
5.678761 4.924675 -1.433977
4.832821 -3.178508 -6.043506
-7.009665 -0.041290 -2.878761
-1.394617 6.570414 4.250580
0.885666 -1.542217 -0.870181
-1.852327 1.447479 7.216309
6.663943 -0.219377 -3.280437
0.863558 -0.354981 -3.483873
6.560421 3.994948 5.629382
-0.983085 -6.387503 -3.956377
-0.781046 -4.171323 4.894736
-6.217054 -3.541261 2.231990
-0.172504 -6.860507 -4.249458
1.121311 2.377429 2.476228
6.875905 4.169616 0.068895
-1.177707 2.298840 6.905695
-1.952618 0.433532 -7.056687
-1.428756 -2.714839 -1.821099
1.974732 6.516938 -5.629192
-3.506624 1.544864 3.193386
6.356738 -4.255623 -4.046670
-7.273230 -0.011904 -3.938609
1.615953 4.646691 0.217974
-6.933159 -0.025458 2.533313
5.461115 -4.386434 -4.457931
2.829103 4.607091 -2.317451
6.734021 -6.367691 -1.744740
-4.289117 7.077471 -3.300688
-5.288743 -1.225954 -0.898234
6.938966 1.401753 -1.129485
-4.219717 -1.530927 -0.851314
-3.837504 1.034256 5.969728
-5.582433 -5.409549 5.950339
-2.841714 -1.992776 6.272025
4.558268 -0.513687 -6.122288
-4.207952 -5.861237 -5.480492
-2.510974 -3.310383 -1.563196
5.358072 -4.740958 -2.367462
-1.487064 -1.272098 -3.314645
-3.162637 0.769783 -5.565074
-4.687899 1.646266 -0.654387
-2.726263 -0.297814 7.062981
3.275973 -5.297668 -4.810534
-3.710474 -1.061070 1.994337
-5.057139 3.316248 2.537666
3.378772 1.174806 -2.091638
5.096663 -6.243867 -3.792097
-0.085764 2.804534 -2.686410
-3.704594 4.249354 -2.701005
6.510499 5.443791 -2.215256
-3.454930 6.223011 1.880258
-3.714146 6.762999 4.118906
-0.813457 3.080239 3.231504
5.733806 4.051751 -0.777612
0.829613 6.103352 -3.760376
-1.191756 -5.648373 4.814385
-4.966096 -2.459454 0.685503
1.317385 -0.965673 -5.464240
-7.043309 4.295768 -3.326936
4.210403 0.861460 1.310013
-5.977786 -4.251774 -4.787297
4.719761 -0.197439 1.297573
-2.712225 7.166192 -1.458742
3.947134 2.228545 5.803851
5.187889 -5.070690 6.470030
-0.244777 0.096111 4.735286
-3.699833 -0.546616 2.882294
-1.656043 4.587664 0.027885
6.354132 -6.668482 -5.992627
-3.363058 0.754661 -6.894106
0.679354 0.761619 -1.740826
2.192656 1.664926 5.763328
-5.934023 1.317776 -2.930367
1.870933 5.020588 -2.379338
-3.790803 -3.610434 -3.838115
-6.692364 3.224003 -4.954294
-0.544205 -5.621675 1.588301
-1.043220 -4.669805 3.065316
-2.691265 3.106686 0.093213
4.015496 -1.183081 -2.961217
1.924074 2.619748 5.212379
3.910361 -6.983972 1.157618
-2.574558 -1.019710 6.331996
4.564084 -4.394820 -0.578240
2.006581 0.729124 6.291843
-1.392733 -2.498584 4.119450
-4.004777 2.470907 -3.198078
4.450178 -1.096378 -5.017643
-3.848967 -2.250835 -4.833909
-3.207223 2.545043 -1.830739
-3.538599 2.164320 -0.837467
3.414733 4.316612 3.686296
5.724033 -6.511761 -4.814691
2.933727 -6.850126 -4.534073
1.215389 7.243409 -5.116553
-4.860214 -3.699380 -4.959320
1.421804 6.087780 -1.982505
0.747720 -3.139975 -4.394376
-0.832637 -6.134177 0.393404
4.712482 -1.404491 2.090028
2.822325 -7.130673 1.753776
5.171025 1.452873 -1.448177
-5.980063 -0.073611 2.113230
-4.820867 -5.213245 0.459637
0.002469 -5.928829 -5.770540
-2.957023 0.048363 4.580743
-6.576972 0.447155 -4.585972
-0.370314 -4.165009 -5.681840
-6.420354 3.527106 7.258891
-5.584386 -7.162797 3.086992
3.973932 6.981236 -2.706631
0.788812 0.144251 -6.699688
5.062530 6.431749 1.834145
7.123452 -3.960947 0.918333
-5.030361 -6.507121 4.043217
3.168566 -1.793156 3.699451
0.163170 1.713283 5.907201
1.386124 1.415655 -0.133381
-7.033949 1.581595 4.006092
-5.539296 -3.359646 -5.604795
-6.839474 -1.554956 5.893357
-3.683810 -6.302066 5.498887
-3.145386 -2.555334 5.308590
-5.775453 -4.795646 4.150545
7.228585 5.763975 6.043313
-6.528565 5.221539 -5.879311
-0.155305 2.729351 0.367185
5.333400 0.540260 0.453802
-2.148065 0.086738 -5.109918
3.824592 -3.597469 -2.740767
7.033798 -6.494121 -3.839014
-3.631849 5.578358 0.385006
-5.563242 -4.421268 7.238419
2.552577 -4.637363 3.131976
-5.409217 4.106458 -2.594935
0.645799 -3.730361 1.558588
-7.035096 -0.548634 4.322528
-3.298797 -1.613170 4.584399
2.181838 2.238863 -3.879878
0.486844 -6.346638 -4.958490
0.286768 -1.766581 2.222909
-0.497231 0.343856 3.646252
0.227981 3.057231 4.354218
1.991915 -2.995474 6.308083
-2.027211 3.857793 -0.498345
4.896417 -2.028682 -3.503384
-3.767265 -6.879739 0.838152
-4.957815 -1.397547 -2.289460
0.573647 1.996115 4.115666
-0.383519 2.311263 3.802613
0.678324 2.859598 -3.533194
-4.852871 -2.449044 6.532385
3.497044 1.500189 4.428256
3.728040 3.283800 -4.357498
6.410092 0.589712 -5.734206
-1.252066 5.905303 -0.967225
1.924313 2.529374 -5.093729
0.107614 -4.538596 5.288444
-4.855161 -3.585195 4.572435
-4.025120 -0.948073 -5.897187
3.917645 -3.255355 -6.433150
-6.920797 -5.588462 -3.312800
1.309935 -3.715254 7.261956
-0.421789 -3.329017 -5.146846
3.316515 2.378410 -3.820438
-3.943126 -0.111639 1.616902
2.764677 2.540670 -0.281589
-0.677283 4.689358 3.637985
6.687388 -3.087928 5.060897
-4.415519 3.043831 3.546463
-2.704621 7.233928 -5.013805
2.784379 0.498537 -2.814664
3.986573 -3.934709 7.024825
5.087731 0.564258 -7.180910
-0.136735 5.856925 -3.450324
4.261700 3.675451 2.362265
3.727019 6.693581 -6.027541
-4.572437 -5.017311 -6.061161
