-1.318140 1.178744 0.769429
-0.788674 0.767422 0.729216
0.074354 0.190699 2.388830
0.026596 -1.604666 0.039130
-0.655267 -0.319769 1.441143
0.636155 0.100544 0.761655
-0.050510 0.389859 -0.363098
0.271821 -0.218219 0.408135
-0.534762 0.602852 -1.027956
0.312016 -0.953456 -0.063450
-0.310340 0.784271 0.301452
-0.391660 -0.796625 -0.554479
-0.136193 0.686441 0.489049
-1.002230 -0.268836 -0.591440
0.888632 0.789433 -0.350942
1.039920 -1.766597 -0.824421
-1.114121 0.184666 -0.915685
0.540570 -0.627321 0.410005
0.673632 -0.324492 0.475627
-0.165048 -1.468275 -0.111702
-0.624662 -0.286140 -0.406844
2.857520 1.002368 0.081900
0.531131 -0.148237 -0.360021
0.991782 1.255795 1.551336
-1.365189 0.948817 0.506715
0.444429 1.296797 0.227584
-0.837389 -0.517689 0.940582
-2.083942 0.014854 0.445489
0.859349 -0.585231 0.107626
-1.200284 0.457566 -2.385927
1.689970 -0.099861 -0.645602
-0.778010 0.828004 0.436182
-0.041250 -0.966588 1.503770
0.369890 0.704715 0.617727
1.454690 -2.048073 1.242810
-1.580518 0.531880 1.152073
0.085991 1.524569 0.358698
1.327418 0.040043 -0.410378
0.276318 -0.954446 -0.389307
0.063791 1.578589 -0.808175
-1.169463 -1.416123 0.538476
0.263855 0.606960 0.868296
0.420749 1.357872 1.654753
0.130296 1.778581 -2.343181
-1.603225 -0.459940 -2.433100
0.094795 1.930698 1.609701
-0.604468 1.133818 0.722923
-0.201388 0.264951 -0.486012
0.745965 0.665247 -0.477264
-1.120598 -0.259544 -0.429948
0.197713 1.705658 -0.543000
-0.267496 -1.089311 0.511451
-0.017561 -0.441977 -0.061911
0.441155 0.547124 0.697938
-0.413370 2.965535 1.326499
-0.093803 -0.218804 0.685147
0.095961 -0.346508 -1.045146
1.433712 0.766386 -2.449936
0.478578 0.048509 0.942662
0.034072 -1.927645 -0.494210
0.595477 0.084439 -0.020190
-0.044965 -1.001617 -0.492489
0.116874 2.381418 -1.161452
0.873103 1.092437 -1.076817
0.617952 -0.258465 -2.006199
0.276389 1.400154 -0.456931
1.949905 -0.306342 -1.277580
-0.956485 0.809964 -0.515049
-0.826755 3.402533 -1.032484
-0.419107 0.768630 -0.237579
-0.058663 -0.335498 1.707333
-1.284690 0.120903 -1.063901
0.275113 -0.768870 0.205378
-0.624335 1.631218 -1.036077
0.716062 -0.467969 0.355507
1.620406 0.322262 0.368025
0.620727 1.598309 1.199643
-0.013019 1.418201 -1.053395
-0.026621 0.212983 1.080269
0.557794 0.095380 0.810648
0.201988 0.687409 0.380533
0.469716 -0.070216 -0.272985
-0.021914 0.008853 0.577343
-3.191239 1.422953 0.939768
0.667408 1.015145 -0.191221
0.637698 -1.044813 2.130508
0.193969 0.771380 -1.717026
-0.826065 -0.453526 0.187363
1.753959 -0.517125 0.761671
-1.082064 -1.858309 -0.106201
0.505824 0.759445 2.030969
-0.116755 1.153449 -2.225253
0.858540 -1.268344 1.561339
0.189259 -1.306460 -1.508875
0.017228 -1.995608 0.916469
1.257833 -0.660681 -0.759256
0.978739 0.195167 1.727462
0.008366 -1.996692 -2.765023
-1.768831 -0.015228 0.839522
1.703157 0.352877 0.822771
0.846199 1.327885 0.468204
-0.107530 0.781145 1.485023
0.929533 0.176700 1.123369
-1.173737 -1.537567 0.619294
1.280822 1.504774 0.674367
-0.473568 -1.931421 -1.090359
-1.759434 -0.462304 1.280498
-0.798944 -0.349919 0.762141
-0.183127 -0.303874 0.865756
1.237213 1.045726 0.388870
-0.314907 -0.074178 -0.502865
-0.232364 -0.119071 0.830853
-1.490580 1.373282 0.894368
0.094221 0.027866 -1.279992
1.103240 -1.115169 -0.010570
-3.057380 0.400961 -0.120509
2.191476 -1.057948 1.713777
0.133974 1.954691 -1.477029
-0.114681 -1.430327 -0.247090
-0.966997 -0.464258 0.098601
0.455605 -0.994077 0.309443
0.207540 1.395428 0.901214
-0.452398 0.349958 -1.196983
-0.546844 -1.157105 -0.983976
-1.957931 -0.722745 -0.805806
-1.070320 -0.151550 0.254216
-0.192325 0.653556 0.948792
-1.622775 0.130198 0.559657
-1.248427 -1.149082 0.874379
-1.368174 0.231047 -0.795101
1.354158 0.224503 -1.027180
-0.773131 -0.111450 -0.112011
1.480749 1.291215 -1.833295
0.779797 0.753997 -0.065630
-0.172549 2.765782 1.168962
-1.321454 -0.663010 -1.336155
0.740665 1.041404 -1.226814
0.344997 0.581448 0.724085
-1.158216 -0.161211 0.595500
0.705207 -0.307395 -2.277813
-0.425633 -2.265194 1.213583
0.203149 -1.257814 -1.707083
0.727415 -1.247792 -0.771097
1.404107 -0.552072 0.344326
-1.159368 0.328418 -0.750320
1.011921 1.134586 -0.527357
0.915334 -1.544256 -0.505517
-1.710141 1.169858 -1.739206
1.239917 -0.637578 -0.384707
-1.044114 -0.542864 2.012551
-2.656137 0.205360 -1.609026
1.718430 -0.295814 -1.572104
0.570537 -0.592970 -1.095908
-2.267990 0.058182 1.052546
1.845228 -0.818128 -0.805183
1.090021 -1.107518 -1.837634
0.075441 -0.524482 -1.556219
0.972191 1.412956 -1.842386
-1.390368 0.687931 2.077241
-1.049851 -0.567869 1.248912
0.821000 -1.330408 -0.040220
-0.541447 -0.799475 -1.970360
2.088321 0.586636 -0.346085
-0.190304 -0.507232 -0.247462
-2.397432 -0.920063 0.542432
0.498032 1.146969 -0.157665
-0.011685 -0.661680 0.261931
-0.854030 0.832595 0.352242
-1.537961 0.575880 0.856063
1.026391 -1.002055 -0.733174
1.471261 -0.047161 1.166536
-0.776566 0.894707 -1.214644
0.132704 -1.268502 -0.074447
1.011882 0.800054 0.391159
-1.265647 1.086950 -0.642430
-0.780959 -2.567525 0.697763
0.121768 0.421447 0.584180
0.678311 0.287409 0.608023
-0.108366 0.563549 -2.767106
1.537012 -0.311976 1.082637
0.113837 -0.568753 -1.512008
-0.836437 0.364592 1.032433
-1.746322 0.171392 1.045339
0.327683 -0.385914 0.843883
0.684685 0.307912 1.138223
-0.643174 0.852316 -0.190134
-1.476819 -0.957711 0.722828
-0.337813 -0.778896 0.834525
-0.848904 -1.733402 0.139275
-2.340628 0.064913 0.684440
0.042834 1.139844 0.347322
2.596304 -0.586785 -0.828738
-0.241087 3.306188 -1.880968
1.376808 -1.765001 -1.581377
-1.591428 -0.660193 0.437917
-0.727612 -0.836423 0.275065
0.307813 1.551111 0.016287
0.485292 -1.483940 0.587375
1.108020 0.363980 0.765201
-2.238812 0.539254 0.182858
-0.790132 -0.012038 -0.689181
1.323589 0.463575 1.689724
-3.826975 -0.233572 0.147121
0.437594 0.142775 0.881667
1.294778 0.850779 -0.778214
-1.144126 -0.242241 1.550556
-0.436202 0.126738 -1.486229
-0.120890 1.642419 0.946074
-0.240164 1.035127 -0.910249
0.988518 1.651802 0.040641
0.201142 -1.201149 -1.457067
-0.288976 -0.754197 -0.402700
-0.664077 1.458922 -2.684204
0.239457 -2.614800 -0.490291
2.553897 -1.035297 1.503653
0.403549 -0.437338 -0.410528
1.273267 -0.555614 0.480399
0.603484 1.182634 0.215942
0.387639 -1.174216 -1.029278
-1.446346 0.421391 1.168751
0.981580 2.256552 0.568004
-1.895397 -0.031140 0.131871
0.378952 0.361149 -0.800849
1.008301 0.196095 0.090116
0.837950 -1.135444 -0.265510
1.471240 0.138250 0.192730
2.627599 0.311214 1.354645
-0.252997 0.174042 0.591796
0.272574 -2.177695 -0.055494
-0.015906 -1.434096 -1.040171
-0.568702 -0.263691 -1.309855
0.430843 0.104671 0.971658
3.364061 -1.161597 -0.503089
-0.369463 -0.333741 -1.287513
0.322400 0.100075 1.714693
1.615687 -0.693340 -0.905019
-0.149062 1.043858 0.918539
-2.219676 -1.206161 1.456952
-0.737557 -0.378997 1.010425
-1.549310 0.616657 -0.082686
0.843105 0.548314 0.793386
-1.418007 -0.266971 -0.289204
1.601405 0.300858 0.566319
-1.257995 1.833610 -0.802917
0.579462 1.263260 1.725839
0.491004 -2.618213 -1.011686
-0.179717 0.223391 -0.031146
1.411570 -0.616777 -0.686377
1.574084 -1.153223 -0.273362
-0.474352 -0.940861 -0.918591
0.502803 -0.484146 -1.614586
0.826197 1.306982 0.352566
-0.102158 -1.651109 -1.355966
1.496603 0.531072 1.064497
0.220595 -0.991330 -0.910454
1.203708 -0.786139 -1.276209
0.936433 -0.081656 0.914129
-1.026223 0.232416 -0.211393
-0.074126 -2.128593 0.106577
0.005813 -0.378651 0.774598
-1.350664 -0.513216 -0.967355
0.878139 1.114253 -0.070241
0.812518 -1.781317 -0.118360
0.880353 -0.199365 0.416304
-2.462649 -0.687838 -0.024481
-0.490911 2.021960 -0.252647
0.742231 1.083379 1.189503
-1.357346 0.417963 -0.415297
0.970212 0.930143 -0.453716
-0.436249 -0.063518 0.224185
0.392161 -0.707501 0.702684
1.429728 -0.120650 0.913796
0.448678 0.223579 0.807226
0.982932 -1.172529 0.870046
-0.957300 0.570538 -0.774173
0.746224 0.939940 -0.926058
2.066797 0.110629 -1.225230
-0.770023 -2.478537 1.014517
-0.081229 -0.444419 -2.667222
-0.306512 2.230236 0.279036
-0.623473 0.282480 -1.396718
-0.718359 -0.776275 1.313879
-1.204502 -0.288488 2.692191
-2.015487 -1.024839 1.200447
0.478428 -0.522027 0.433837
0.368055 -0.256389 1.379644
0.578513 -0.740742 -0.369434
3.129884 0.655447 -1.536140
-1.806198 0.755755 0.833971
0.595806 -0.587769 -1.335864
-1.691796 0.361028 1.019523
0.073038 -0.100938 1.921697
0.018228 -0.190658 2.337070
-0.951887 -0.966087 -1.244256
0.834515 -0.976208 -1.150823
2.330492 0.046405 -0.054710
0.649802 -0.124279 -2.866886
-1.376614 0.674658 0.273872
0.287511 0.709623 0.156541
-0.864252 -0.630507 -0.513693
1.377855 0.706881 0.655381
0.562731 0.568979 1.042350
-0.775012 -0.251532 0.764388
-1.152051 -0.767158 0.987205
-0.846345 -1.699144 -0.045328
1.707449 -0.182918 0.270157
0.395639 1.103925 0.973151
1.587429 0.202429 -0.373609
-0.476401 -0.368837 0.664233
0.198492 0.025925 -0.608521
0.588670 -0.465839 -0.943089
-0.789917 -0.790765 1.123834
-0.528004 -0.396385 -1.357050
-0.026218 0.677711 0.521082
-0.477827 0.293033 0.959715
0.510248 0.999101 -1.120581
1.359024 0.763370 1.485082
-0.499113 0.712390 0.589808
-0.942651 0.765609 2.436108
0.573589 -1.324562 0.596589
0.486022 2.241693 -0.811424
-0.287695 0.542967 0.280359
0.681309 -1.754166 1.749426
-0.468836 1.621466 -2.538499
1.938028 -0.703878 0.117934
-0.800693 1.971360 -0.249865
2.027599 2.893122 1.665355
-0.925121 -0.610576 0.068298
-0.227610 -0.484440 -0.744901
0.944476 -0.403383 0.178413
0.138284 1.409867 0.791319
-1.503349 -0.148200 0.692667
-0.405662 0.967996 -0.530913
-0.943641 0.074383 -0.751496
-0.504623 -0.182248 -0.953283
0.330814 -0.301771 -0.050829
1.051053 -2.056313 0.732060
-0.145594 0.870738 0.752750
0.983722 0.709314 -0.222066
0.098872 -0.280405 -0.815713
-0.527615 -0.497599 0.545558
0.449472 1.306708 0.972507
-1.109731 -0.848359 2.243776
-0.092079 -0.895295 1.409419
-0.202704 1.115208 0.414242
-0.422247 0.198387 -1.389192
0.259637 0.751123 -0.842003
1.104693 -1.744314 1.495134
0.085202 3.072800 -0.719121
-0.787921 -1.288928 -0.737892
-0.467256 0.228521 2.609622
-0.554697 0.210981 0.665556
-0.072236 1.234820 -1.407043
0.482006 -0.183522 0.476950
0.790618 -2.127589 1.812509
-0.907952 0.012279 0.715749
-0.253847 0.846325 -0.663538
-0.266676 0.629711 0.621621
-0.428531 0.042306 2.405729
-0.268883 0.083357 -0.218757
0.302849 0.635113 0.317039
0.736229 -0.013916 0.527771
0.915341 0.278038 -1.006109
1.782661 0.527505 1.131462
-0.423520 1.046589 -0.961348
-0.394216 -1.297490 0.380978
-0.761724 1.079420 2.426966
-1.039095 0.866468 -0.666929
-1.886086 1.111949 0.135632
-0.472077 -0.025336 -1.163099
0.630567 0.203036 0.512622
-0.074782 -0.634740 1.319134
1.139568 -0.786273 0.342460
0.378111 0.156346 2.110845
-0.424073 -0.838345 0.221696
0.411270 0.051269 -1.237891
-0.267973 -1.029671 0.186331
-1.186787 -0.673747 1.879815
0.117736 0.357692 1.045365
1.003626 0.171535 -0.704350
-1.915404 0.577258 -2.193780
1.515802 0.575810 1.419431
-1.446623 1.057655 -1.870596
0.156201 3.486912 -1.318273
-1.386621 -1.395365 -0.715811
-0.549512 2.836082 0.814170
-1.450771 -0.795054 -0.281381
0.449463 1.427893 0.333534
-1.820234 -2.616295 -0.101596
-1.362293 -1.918165 0.569607
-2.004762 -0.815330 2.419366
-1.640299 0.861499 -0.766147
0.547036 1.586079 1.336806
-1.649426 -0.082958 0.514757
-0.565946 -0.556066 -0.350619
-1.214637 0.265834 -1.570941
1.157180 0.586399 0.854762
0.106910 -1.916355 0.207036
0.419264 0.151733 0.313987
0.546592 0.113514 1.841257
-1.459492 1.534044 -0.065586
0.172617 -0.254981 1.100237
-0.762435 0.881945 -0.942662
1.128288 -0.647065 -0.355928
0.045530 -1.584770 0.378006
-0.651925 0.568838 0.829434
-0.109710 1.528798 0.255844
1.241837 -1.098689 -1.180461
1.153959 -2.038471 -0.276875
-0.067942 1.203125 -0.082706
2.148318 -0.206725 -2.642672
-1.056092 0.187618 -1.660842
0.230948 0.350971 -1.277853
-1.217909 0.100866 -0.030685
0.249193 -0.233072 1.413294
-0.773063 -0.065233 1.578413
1.635248 0.280218 1.423840
-1.522818 0.236003 -1.197592
0.102439 -1.305857 -0.118086
0.504657 1.079182 0.861207
-0.644222 1.421347 0.493620
1.390804 -2.016596 0.762217
-1.216680 1.639661 0.130706
-0.507512 0.968940 -0.023949
0.171896 -1.393762 0.968097
-0.921272 -0.862683 -0.210394
-0.519257 0.095590 1.038953
-0.338612 -1.104563 -0.207993
1.495359 -0.659255 1.283325
-0.385437 -3.038585 -0.774193
-0.757276 0.965944 -0.803334
-0.375100 -1.129299 -0.590875
0.185130 -1.365461 -0.770199
-1.075824 -1.844118 0.724902
0.275273 0.662623 -0.252371
0.387641 -0.661417 1.643002
-3.004496 -1.294612 -0.792280
-0.216098 -0.127606 0.125301
0.284206 -2.614321 0.109252
0.498852 -0.393218 0.534041
1.478854 0.610074 0.545240
0.079540 0.505197 0.421887
-0.945169 -1.066067 2.354552
1.377465 1.051226 0.277782
0.124217 0.363660 -0.826911
-0.949007 -0.403723 -0.002427
0.241339 -0.971766 1.478628
1.000498 0.437327 0.082967
-0.899105 -0.652483 -1.265032
0.507487 0.112695 -1.946198
0.641192 0.819417 -0.830990
-0.429190 -0.310752 2.194367
1.374042 0.078371 -1.331352
-2.188192 -0.794879 -0.352028
-0.992398 -0.997187 0.013654
-0.456617 -0.247339 -0.333697
-0.395260 0.169515 -1.183109
0.506867 0.556433 2.468599
-0.346242 0.849078 -0.273794
-1.062905 0.103612 0.112411
-0.779045 1.043966 -0.386632
0.691438 -0.863441 -2.562319
1.288748 0.343720 -1.868248
0.640597 1.331845 -0.021216
-0.887875 0.179470 0.322075
-1.227416 -0.146550 0.479940
0.648273 0.855615 -1.859777
-0.552312 -1.575542 0.509757
1.199434 1.550294 1.945622
0.211799 0.720716 0.100762
0.830000 0.516401 -1.684602
1.621232 1.606919 0.305317
0.093907 -1.174825 2.478300
0.137511 1.795599 0.048501
-0.197560 -0.344474 -0.363851
-1.496497 -1.272239 0.424899
1.025844 1.419600 -1.957123
1.173243 1.337385 -0.815081
-1.677816 0.258290 0.103439
-0.590565 0.887805 -0.200287
-0.219999 0.121218 -1.579288
-0.414564 1.423919 -1.365456
1.447439 0.877457 -0.607663
-0.126705 -0.090926 0.602901
-0.292499 0.306664 1.134917
-1.029094 1.400151 -1.215025
0.205111 -0.620872 -0.585996
0.322365 0.821611 -1.995678
-0.601802 -0.148206 0.288432
0.205246 0.156240 0.199817
-0.194910 -1.536016 1.350073
-0.791411 0.649318 -1.120958
0.401562 0.002173 -1.005849
1.299691 1.865288 -0.001386
-0.126548 -0.398489 -0.984510
0.727295 0.988411 0.522414
0.335585 -0.164105 1.913005
0.275394 1.287178 -0.720985
-1.482225 0.655403 0.959196
2.565017 -0.232388 -0.108889
1.564177 -0.112237 -1.036994
0.137716 -0.307121 1.557644
1.294783 -0.434885 0.238231
-1.251703 1.688395 1.415386
-1.150025 1.793103 0.522603
0.323052 -1.419626 1.178925
0.739335 1.560428 1.013422
0.046916 0.129970 -1.249761
-0.473915 -1.783732 -1.934056
0.443936 -0.589700 -1.651179
0.982168 0.441119 -1.541389
-0.066814 0.670083 -0.643822
-0.416923 0.209068 0.366499
-0.691332 -0.924218 1.063891
0.890695 -3.188360 -0.615594
1.334798 -1.550752 0.725562
0.251021 -1.678269 0.567737
0.132133 -1.890987 0.334187
-1.223379 0.156987 0.013287
-1.738326 0.152077 -0.492059
-1.292845 0.659577 -0.170939
-2.660455 0.117596 -2.497816
-0.204274 0.935898 1.169373
0.580444 0.585756 -0.363435
-0.730157 -1.367522 -0.408674
-0.091957 1.771870 -0.414754
-0.854169 -0.281299 1.184682
0.967116 0.219414 -1.015443
1.164875 -0.713615 0.437531
-0.299069 0.862943 -0.492235
2.067531 0.796158 -0.840177
-1.040368 1.245057 0.960658
0.450144 1.727596 0.388256
-0.533314 -0.018377 -0.623148
-0.211618 -0.676915 -0.079398
0.120358 2.133880 -1.212880
2.695841 -0.839153 1.286997
-0.557336 -1.700547 -0.397252
-1.872078 -0.107853 -1.697097
-0.668819 2.193204 -0.373287
-0.861274 -0.720707 0.476203
-0.950684 -1.293199 -1.470067
-0.079346 -0.142676 -2.352214
-1.401712 -0.912659 -0.372808
-0.512053 1.192776 2.431890
0.036616 -0.538753 -0.311687
-0.531380 1.228845 -2.341912
-1.111074 0.663665 -0.026013
0.538269 0.153158 1.652001
1.053746 0.569750 0.855010
0.437701 -1.217859 -0.647976
-0.537904 -0.384115 -1.736585
0.124639 -1.904516 1.027109
-0.219688 -1.318319 0.533114
-0.367402 -0.905949 0.412720
0.160656 -0.145372 -3.967121
0.468873 -1.665003 -0.005488
2.504955 0.984547 -1.200797
-0.347241 -1.051444 0.419395
-0.441654 -1.312231 1.514095
0.153343 0.827337 -0.163067
-2.469211 2.304140 0.058602
-0.918599 0.981214 0.696265
0.180034 -0.506771 -0.459511
0.350443 0.495692 -0.990806
-1.196879 -0.975054 0.016834
-0.362406 0.162423 0.953308
-2.003130 0.720163 0.155067
0.071510 0.818054 0.914013
-0.260463 0.947670 0.199497
-0.154471 0.152146 -0.032786
1.108190 0.828363 0.856167
-0.579234 -0.759022 -0.193506
0.754010 1.288295 -1.456682
-0.946334 2.413908 1.214872
1.651307 0.951556 1.426383
-0.896033 -1.272458 -1.849234
0.281775 -0.497501 -0.968899
0.202995 1.123056 -0.687015
-0.577601 -1.026169 0.329410
0.589480 -0.498650 -1.811996
0.461018 -0.468837 0.173606
0.386573 -2.223826 1.233442
-1.872795 -0.257867 1.722906
-0.998337 -0.828712 1.053218
-1.357681 0.041283 -0.368863
-1.142644 0.236358 1.178420
0.571172 0.751237 -0.133641
1.255694 1.384490 -1.720304
-0.416644 0.143210 0.734638
-0.145949 -1.226409 -0.609368
-0.270543 1.215287 -0.542925
-1.157211 -0.654175 -0.457593
-0.685491 -2.530186 -0.060158
1.022947 -0.237253 -1.413878
-1.147937 -1.155099 0.252142
-0.397018 -1.008437 0.000628
-1.247425 0.412743 -1.781877
-0.556315 -0.208218 -0.813856
1.291440 1.629385 -0.188226
-0.987774 -0.230288 -0.960512
-0.278135 0.071320 0.335681
0.147492 1.765929 -0.003403
0.149207 -0.113212 -0.408597
1.018585 1.060735 1.127455
-0.124664 -0.797277 -1.453526
0.873427 1.313655 -0.840925
-0.611363 -2.335448 0.460391
1.608182 1.401491 0.169396
0.282711 0.226428 0.131155
0.576215 0.729686 -0.361218
2.336338 0.029275 0.932867
-0.709980 0.628697 1.124189
-1.600277 -0.663096 -0.941255
0.766581 1.936088 -0.131589
-1.246704 -0.208373 -0.011389
0.056222 1.013342 -0.277576
-0.811162 1.655829 -0.243135
-1.062067 -1.567527 0.597433
-2.336014 -0.077958 -1.263655
-0.404312 -0.808333 1.457908
-2.033433 -0.309223 2.002244
1.509420 0.453603 -0.218982
0.341288 -0.471578 -0.795839
-0.199910 -0.824077 0.174381
-0.303758 1.228547 1.014491
0.521728 1.442492 -0.435884
0.984934 2.101968 0.363541
1.198154 1.628185 1.207669
-1.327402 -0.779053 0.609824
0.314684 -0.235002 0.613473
0.954806 -1.399123 -1.776906
0.246162 1.030859 -0.945265
-0.786813 -1.121566 -0.745291
1.881785 -0.237261 -0.505086
0.855002 0.228319 0.185344
1.451041 -0.766265 -1.337697
0.907365 0.180306 -1.598435
0.488312 0.059929 -1.055399
-0.823388 -2.334277 0.099107
0.044205 0.453084 -1.088074
0.190998 0.724429 -0.420747
0.198294 1.437675 1.534354
-0.367181 1.319926 0.376454
-1.069539 -0.477406 -0.534574
0.070030 0.324623 -0.047959
-0.099697 1.966709 -0.344307
0.300797 2.621560 -0.588240
2.919143 0.205611 1.113658
-0.337208 1.183381 0.082093
-1.145745 -1.199813 0.264220
-1.176260 -1.745947 0.929887
1.492566 -1.255548 0.664636
-0.735710 -1.429854 0.753108
-0.072765 1.385613 -1.407823
-0.518888 -0.716493 -1.363523
1.534010 -0.951082 -0.734551
-0.666013 0.368603 -1.090130
-0.257161 0.312898 1.987556
-2.189943 1.188604 1.063346
-0.273809 1.592251 0.434346
1.674093 -0.811994 1.438468
-2.229052 -0.726020 0.180801
-1.517450 0.852487 -0.284360
-0.938604 1.575842 0.735471
-0.811943 0.422905 0.033366
0.744391 -0.861988 -0.040045
1.074439 -0.603599 0.782024
-0.078107 1.205805 1.233093
0.034932 1.474311 -0.677405
-0.865805 0.106790 -0.342246
1.932431 -0.306847 1.071103
0.703248 -0.706801 0.699941
-0.332962 0.912204 -0.251776
1.322580 -0.069685 1.415330
-0.967531 0.287374 -1.135111
-0.539963 -1.627238 -1.059908
-1.242195 1.059971 -0.396979
-1.034588 0.243602 1.048427
0.501323 -0.435987 -2.268290
-0.239662 0.983416 0.706647
-0.178775 0.094622 -0.048735
0.272338 0.013793 0.567008
-0.713539 0.198975 -1.186627
-0.379596 0.102329 -0.486497
-0.606519 0.093011 -2.097252
-0.177743 -0.492640 -0.172698
-1.037311 1.277814 -0.019351
-0.137909 1.605825 -0.309272
-0.325481 1.098024 1.144428
0.826568 0.124985 1.315927
-1.100072 0.363233 -2.552813
1.081921 -0.359942 0.008685
0.096917 -0.315258 -1.624764
0.495345 0.301625 -0.787406
-0.075445 -1.242375 -0.097005
0.123425 -0.859729 -1.586336
0.469132 0.998382 2.454825
1.201768 0.230502 0.764329
-0.842619 2.197355 0.645079
0.286049 -0.619604 0.229777
0.262875 -0.741103 2.434466
0.596040 -1.640759 0.284439
0.146621 -0.369610 1.855042
1.586056 1.006698 -1.290370
-0.157969 -1.967102 -0.264847
-0.014551 0.869902 0.391515
1.039794 2.046630 0.514889
1.465943 0.206383 -0.306749
-1.167513 -1.605375 -0.425084
0.796439 0.491668 1.045973
0.153579 -0.831373 -0.173594
-0.115288 0.102531 -0.476360
-0.950091 1.876350 1.258455
-0.443137 -0.482846 -1.554128
0.551321 -1.760258 0.634409
2.169289 -0.238189 -0.229836
0.663899 -1.001602 -0.979256
0.076634 0.598988 0.154897
0.427675 -0.204056 -0.066230
-0.329457 1.098934 0.089744
1.089484 0.722528 0.138296
0.933805 1.502446 1.161615
-2.454430 0.066770 -0.584221
0.163240 -2.307876 -1.053880
-1.245936 1.030673 -0.293475
0.694338 0.493159 -0.137426
-0.754987 0.178119 0.522238
0.016255 -0.592243 0.181062
1.027549 -1.655334 1.305281
-0.388612 0.561718 0.458560
0.532870 -1.150242 1.662771
-1.855537 0.745268 0.792794
-1.105164 0.545810 2.066826
0.055270 1.499099 -1.131034
1.017349 -0.380570 0.436512
2.158344 -0.578711 -0.772440
-0.244441 1.150700 -0.314933
-0.188037 0.047844 0.341629
0.479724 0.773116 -0.227329
0.217261 0.564054 1.501213
2.132767 0.184469 2.399254
-0.061952 0.388290 0.598498
-1.577675 0.323736 1.049528
-0.311164 -0.466230 -0.722661
0.903906 0.818933 0.746165
0.721005 2.001032 -0.099459
0.145885 2.174232 0.620376
-0.219913 0.330381 -1.895383
-2.009918 0.133453 -0.330969
-1.043096 0.955304 0.819182
-0.631954 2.453422 -0.021596
3.034417 -0.474988 0.007213
-1.243487 -0.513867 0.496823
0.480288 0.832610 0.421052
-0.808603 1.575704 0.039891
1.088989 -1.443085 0.840338
0.744738 0.035061 0.313580
1.306224 0.808240 1.812386
-0.881940 0.427239 -0.661642
-1.585095 0.013251 1.239777
-1.012874 -0.517778 1.189505
0.259388 -0.396811 0.788251
0.239486 -0.551936 -0.265308
-1.476424 -0.075593 0.272736
-0.828255 -0.350817 -0.011225
-1.414591 0.945434 0.016420
-1.880438 -1.187672 -0.187193
1.673512 -0.926801 -0.104190
-0.687530 -2.558016 2.358571
0.729704 0.721297 0.882598
1.213818 0.128613 -1.111333
-0.357343 1.524038 -1.148431
-1.438229 -0.147395 -0.786217
0.645428 -0.635422 -1.201987
-0.265043 0.358751 -0.896098
0.451611 -0.403550 -1.493433
0.451107 -1.150211 -0.110044
-0.598343 0.842746 -0.141276
1.383233 0.199353 -1.407440
-0.907614 -0.452642 -1.846873
-0.637538 0.554502 1.431328
0.055477 -1.326569 -1.664246
0.199146 -0.236522 -0.127105
-1.469158 -0.738615 0.344602
-0.047111 0.492178 0.059794
1.045913 0.848342 1.582965
-1.110001 1.197257 0.498489
0.185076 -1.194294 -0.257156
-0.410390 -0.907049 -3.145941
0.584633 -1.049080 1.064403
0.453030 0.181851 -0.947640
-0.273205 0.076002 0.226982
1.158135 -1.463941 -1.094346
0.585253 0.020193 0.752970
0.092884 -1.072545 0.835110
3.467962 -0.958971 0.077793
0.626175 -0.359867 -1.452647
-0.125222 -1.884502 0.772759
-0.400112 0.878141 -0.822980
1.200627 1.935889 0.957665
0.146618 -1.158587 -0.809354
-0.013758 1.806336 0.342992
-0.032470 -0.324625 -1.209975
2.317772 0.302600 -1.600971
-1.675532 -0.750804 -0.349214
-0.206564 -0.415198 -0.802534
-0.451664 -0.933893 1.461126
0.213245 0.338657 0.366203
0.012760 1.110489 1.241258
1.926677 -0.783691 0.491655
-1.544862 1.583854 0.700658
1.281584 -0.127060 -1.255438
-0.978302 1.289234 0.070469
1.642298 -0.668121 -1.060076
-0.899542 -0.145529 1.157850
-1.033758 -0.070250 -1.062349
1.614201 -1.091664 0.352437
1.063876 0.177694 0.222530
-0.284651 -1.437283 -0.789284
1.240914 -1.686283 -0.778912
1.005790 0.115583 1.464618
0.342181 0.746786 -0.146449
0.907457 -0.372819 -1.327432
-0.535821 0.384936 -1.387791
-0.065158 0.612651 1.270617
0.755578 -1.562675 0.433197
-0.829164 -0.030669 -0.305056
1.503305 0.011539 1.062117
-0.069706 -0.208528 -1.452965
-1.245327 0.871602 -0.099257
1.850431 1.198775 0.609064
1.731175 -1.761808 0.890832
0.474643 1.191386 -0.494091
-0.499668 -0.435637 0.029271
-0.060911 -0.534111 -0.886211
1.474313 -1.486821 -0.121133
-0.642409 -0.635476 0.786146
-1.047446 -0.675696 0.096461
-1.052947 -2.130999 -0.327740
-0.217547 -0.103320 -0.833686
0.799985 -0.286043 -0.722490
1.145723 0.742831 0.053119
2.024381 0.956126 1.703007
1.040915 1.036689 -1.665369
0.101800 -0.025806 -0.433867
0.010203 -0.904924 -0.502689
0.919243 -0.803571 0.626827
-0.185149 0.302072 0.722971
-1.274761 -0.597545 1.653342
1.491897 1.165725 0.819149
-0.649446 0.664700 -0.627161
-0.553257 -0.998388 2.003362
-0.069742 1.830952 -0.431928
-0.255206 1.241691 -1.355433
1.630633 -0.718813 -0.692960
0.019321 -1.106301 -0.082598
-1.860621 0.464008 -0.923560
-0.177472 0.110509 1.058729
0.374967 -0.275939 1.481851
-0.798430 -1.880983 0.820877
-0.635913 0.594473 -0.590215
2.177804 0.285689 0.040424
-0.744547 2.009998 -0.328929
0.287902 -0.122730 0.250031
1.427272 1.114000 -0.087959
-2.004549 -0.778890 -0.370376
-1.063366 -0.523946 0.232333
1.255814 -1.144569 -1.455877
-1.068070 0.159241 1.156799
-0.562788 0.571912 0.845510
-1.787348 1.223453 -0.382377
0.373961 -0.676462 1.517234
1.086798 0.066167 1.870449
-0.206457 0.831712 -0.333073
-0.037088 1.699985 1.511143
-0.761126 0.664251 2.036707
-0.398271 -0.350072 -0.660149
-0.593962 -1.095817 -0.481594
-0.258821 -0.034350 0.761257
-0.355576 0.700537 1.833414
0.648400 -0.478045 -1.014441
0.433960 -0.219844 0.726349
-0.133194 -2.186564 -0.353942
-0.837221 -0.817060 -1.339374
1.253027 0.938718 1.939588
-0.137375 -0.932081 -0.913816
0.279331 -1.027754 1.569917
-0.506836 0.294142 0.638361
0.082977 0.302664 0.326498
0.885548 -1.019419 -0.212809
-0.192233 0.555833 -0.610949
1.001271 -0.580866 0.154114
1.517958 -0.425524 -0.334102
-2.898500 -0.224859 0.624852
-0.833943 1.135165 -0.574824
1.366900 2.569402 -0.445283
0.812767 -0.191293 -1.065341
0.200710 -1.222191 -0.750663
0.035379 1.036976 -0.550304
0.699470 0.198385 -0.666333
-1.799907 0.592022 -0.616032
-0.613963 -0.484352 -1.846424
0.188905 0.305695 0.254364
0.573724 -0.945978 -0.549952
-0.485410 -0.974477 -0.442375
-1.299892 1.003652 -0.260823
-0.741732 -0.796039 -0.054497
1.638657 0.643297 -0.342363
0.716633 1.449130 -0.002596
-1.482011 1.228853 0.348887
-0.775939 -0.542042 1.002942
-1.375654 -0.774006 -0.848003
2.370152 -1.080724 0.199617
-0.388142 -0.494629 0.437443
1.309520 -0.097359 0.742303
-0.766135 -0.420907 0.173164
0.792671 -0.872989 -1.338114
-0.089676 0.152165 -0.282770
-2.006827 -0.211810 0.433674
2.284860 -0.759977 0.434333
-2.432988 0.688541 -0.075565
-0.665004 1.603851 -0.210208
-0.216727 1.587830 -0.198607
-0.811324 -0.419965 -0.130025
0.976809 0.457681 0.041052
-0.224823 0.215927 0.552210
1.066182 -1.151523 0.575631
1.517729 -0.854231 -0.556492
-0.096823 -0.152271 -0.361228
0.335815 0.318368 -1.312950
-0.180788 1.674119 0.862818
-0.569672 2.697378 -0.015557
0.998873 0.010232 -1.376102
-0.766404 -0.959431 -0.082089
-0.431742 -1.539449 -0.018307
0.614404 -0.122867 0.431806
-0.197700 -0.695645 0.694338
-1.572731 -0.673772 1.460814
0.745957 0.247118 -1.118132
1.060876 -0.718040 -0.338477
0.461364 0.494527 -0.895411
-0.465547 1.326451 -0.949510
0.490376 -1.808939 1.270645
-0.207722 0.362302 -1.247505
1.515889 -0.587962 -0.689303
0.539687 -0.741315 0.457738
-0.480264 -0.251166 0.129009
0.077120 -0.067034 -0.566501
1.478554 -0.437578 0.211313
-1.818642 0.326053 -1.107854
0.964480 0.159273 0.856254
-0.689711 -0.993415 -0.385728
0.659285 -0.015774 0.346181
-0.498018 0.847825 0.670676
1.362411 0.141301 0.309479
1.354602 -0.212790 -0.446067
-0.987605 1.371152 -1.332308
2.050257 -0.217089 0.746890
0.594710 -1.424650 -0.373637
-1.508649 0.437062 1.533337
-0.338962 -1.312898 2.046344
-1.156393 -1.075302 2.071735
-1.928220 -0.239139 1.569742
-0.995503 1.048172 -0.314907
-0.980740 -1.785232 -1.148072
-0.927878 0.784928 -0.530122
-0.019744 0.639450 0.629451
-0.767466 0.799288 0.310171
-0.229715 -1.399111 0.301874
2.778247 0.304579 -0.580237
0.006755 1.842436 -0.676538
0.866759 1.924882 -1.425982
0.426263 0.769734 -0.426495
-1.031675 0.238376 0.183002
0.191495 -0.541105 0.371469
-0.062198 -0.473902 -0.895602
-1.034185 -0.235596 0.641434
0.578167 -0.219244 -0.064819
-0.762719 -2.218441 0.894223
-2.272961 0.011522 0.382695
-0.179848 1.158237 -0.996471
-0.286853 0.712130 -1.657154
-0.371948 1.692315 -1.217499
0.714940 0.101367 0.161510
1.460873 0.832050 -0.201706
1.833205 -1.004491 0.004567
-0.889867 0.899345 -0.215006
-0.839001 -0.722490 0.217758
-0.708032 1.186541 -0.465034
1.103232 0.568717 0.933088
0.584847 -0.630671 0.129541
0.715773 -0.929249 -0.757257
-0.975852 1.825518 -0.547398
-0.226904 -1.004309 -1.030549
1.703183 0.847914 -0.606450
-0.301830 0.586178 2.226946
-1.069481 0.512552 0.081494
0.169294 2.722227 0.055233
-0.404400 -1.195269 0.205605
-0.031276 1.868378 0.195348
-1.509757 -0.532495 0.439195
-0.095381 -2.154930 -0.546396
0.926007 0.823771 1.270304
0.731995 -0.876731 0.636884
0.014329 0.107953 -0.679178
1.498388 0.383683 0.321931
2.479202 -0.728797 0.667105
3.071602 0.993299 0.340030
-0.055560 -0.305896 0.485478
1.033933 0.290090 -0.253421
1.304847 0.671778 1.922130
1.470409 1.383680 -0.998550
0.344349 -1.604730 1.021187
0.626965 0.082068 0.426102
-0.968812 -0.843500 -0.569000
-1.392157 -0.116387 -1.696189
1.896162 -0.383991 0.096593
0.593180 0.997835 -1.273274
-0.044597 0.410890 0.964497
-0.384679 -0.201146 0.219984
-0.606258 -0.289507 -0.245024
-0.105555 0.048768 0.278247
-1.621653 1.218236 -0.149005
-2.785534 -0.953973 -1.468924
-0.406987 -0.033201 1.440971
1.182789 -1.137063 -0.695404
-0.206983 0.395192 -0.852901
-1.768235 -1.372816 -1.459771
-0.564329 1.597223 0.781009
0.833302 -1.545121 0.461238
1.713650 0.715247 0.608194
0.365945 1.718790 -0.745385
0.677570 0.450495 0.148174
-0.787968 -0.237192 -0.423799
-0.183941 -0.613721 -0.441148
0.306338 -2.342428 0.136505
0.358168 -1.966204 -1.055477
0.625366 2.206072 1.254347
-0.298154 -0.438304 0.252713
0.187118 0.052130 -0.837339
-1.570035 -0.924991 0.998444
0.837819 -0.297362 0.658156
-1.241789 1.396856 0.400964
0.678004 -0.590876 0.276042
0.197428 0.186002 -0.446915
0.933053 0.569403 0.496532
1.772678 -0.159495 -1.088786
-3.152760 0.971119 -0.853357
0.203373 -0.082913 1.252655
1.564084 1.130203 -0.652289
-0.251777 -0.159419 0.340505
1.761718 -1.344746 1.112705
1.204951 -0.770802 -1.034439
-0.813360 -0.304896 2.152051
0.859926 0.695023 -0.847587
0.236287 0.982036 -0.562358
0.949656 0.424475 0.347074
0.054127 0.554863 0.204610
0.190983 0.053401 0.814221
-0.552964 1.325663 1.972203
-0.131933 -2.134955 -0.729848
-0.439016 0.715834 -0.195840
0.531430 -0.012950 1.581835
-1.839598 -0.040918 -1.121584
0.569083 -1.154521 -1.494993
-0.190306 -0.983936 -0.473385
0.673151 1.886068 -1.127660
-1.121877 1.654824 -0.501049
1.158546 0.341392 1.229206
-0.296592 1.480077 0.397404
0.039246 -1.049234 0.378786
1.011695 -0.916345 0.539745
-1.463540 1.058868 0.133875
0.026882 0.739482 -0.296394
-1.045811 0.811872 0.806886
-2.120143 -2.788459 3.223091
1.237015 0.112729 0.529547
2.089004 -0.028108 3.070904
1.334831 -0.283067 0.088316
0.561400 0.375741 -1.272519
0.691835 -0.397924 -1.340383
1.210735 0.197669 0.414467
-0.345500 -0.049321 0.979384
-0.639128 0.022578 0.574482
-0.064777 -1.614565 -0.034881
-0.352996 0.278323 1.582283
-1.042062 -0.009597 1.612926
0.707825 1.565635 -0.485339
-0.194218 0.730303 1.327640
-0.053196 -0.744785 0.070976
0.281261 -0.766165 0.766519
2.149157 0.159121 -0.339807
1.156564 1.947714 0.763973
-0.052511 0.253915 0.397587
-0.803737 0.143958 -1.865445
-0.001080 0.703171 0.364336
-0.688619 0.637840 0.943025
3.493562 0.822285 0.020070
-0.426242 0.596800 0.613664
-1.796047 0.133608 -0.610803
1.087026 0.746450 -1.235636
0.729689 0.045566 -0.384996
-0.332978 0.831770 0.099526
0.025303 1.285629 -0.542077
0.140195 1.051670 0.201678
-0.531109 0.103696 -1.800107
-0.016790 -1.428977 0.144207
0.062536 0.380647 -0.813656
-0.202140 -1.136823 -0.060512
-1.018701 0.615793 -1.044062
0.407852 0.749538 -1.764695
-0.300284 -1.085155 1.215185
-1.083629 1.601407 -1.121468
-1.572526 -0.812269 1.193955
-0.952289 -0.526003 -0.983394
0.401506 0.581209 1.013236
-0.999362 0.844290 -0.016814
1.826185 2.106435 -0.395781
1.060930 1.566768 -1.557866
0.102829 -0.685389 0.227769
0.434955 -0.766538 -1.293303
0.678167 -1.117536 1.777081
0.492908 -0.561517 0.648221
-0.985122 0.427708 -0.434756
1.075976 1.802799 -0.528309
1.966785 0.362085 -0.683796
1.173327 -0.185228 1.094517
0.430314 -0.046083 -0.306122
0.070943 0.990279 2.074280
1.126476 -0.449185 -1.467189
-0.079221 -0.070294 2.420775
1.774043 -1.104638 -0.436869
0.455209 -2.010338 -0.249147
-1.286831 -1.007091 0.385389
-2.593476 -2.126435 1.301070
0.201850 -0.740080 0.371847
1.348096 -0.015327 1.637359
0.551548 -1.042429 -1.073032
0.574970 -1.031461 -0.110298
0.826509 -0.910621 -0.373839
-0.187617 -0.523154 -0.591920
0.225559 -0.752846 -0.290119
-0.697986 0.285818 -1.723836
1.633859 -0.675248 -0.425685
1.557393 0.755387 0.155014
-2.958579 -0.374144 -0.256042
1.419562 0.163255 0.520014
-0.781416 -0.111063 1.139732
-0.128631 -1.974933 0.221362
-0.265538 0.900770 0.023166
0.107973 -0.428629 -1.654410
-0.229952 -1.728253 0.660993
0.053017 0.420728 -0.849530
0.597583 1.912124 0.995098
-1.947291 0.564549 1.013914
-0.184945 1.480622 -0.612034
-0.601738 0.953201 0.431655
-2.500853 0.663640 -0.733283
0.748806 0.760478 -1.319523
-0.383576 -0.250287 -1.686077
-0.468362 0.676782 -1.530178
1.516928 0.021184 -0.145136
0.753389 -0.944931 0.428426
0.399936 0.620182 -0.381101
-0.067412 0.219908 0.365090
-0.479075 -0.488170 1.215276
-0.789100 0.872004 -0.321820
1.155924 -0.419120 -0.290561
0.941957 0.951740 0.938785
0.606115 -0.611318 0.624236
-0.160589 -0.662500 0.324089
1.019254 -0.339854 0.956718
0.019129 1.320393 -2.011602
1.536031 -0.531895 -1.374873
-0.139233 0.479952 1.225526
1.112327 -0.090725 -0.175007
1.875625 0.148482 -1.137245
-0.213481 2.072902 0.574377
-0.281848 -0.876958 1.466516
-0.974032 -0.830936 -0.607741
-0.013596 0.720669 -2.041185
-1.015830 -0.771099 1.384454
-0.083698 -2.205288 -0.280189
1.378344 -0.337257 -0.769678
-0.711720 -0.269165 0.111897
-0.314752 1.408388 0.736637
2.137012 0.206973 -1.782997
-0.012306 0.508798 -0.733418
2.217142 0.884518 0.358110
-0.369784 -0.868354 0.935420
0.160726 -0.623935 -1.176524
-1.545924 -1.416339 0.762877
0.242466 -0.663713 -0.195053
0.599580 -2.135624 -0.111570
0.359113 0.197509 -0.108125
0.553061 0.330484 -1.366967
0.169323 0.168512 0.838489
-1.299074 0.559961 -1.365533
0.111975 -0.372324 0.406515
-0.712593 0.746257 -0.168961
-0.754258 0.335260 -0.395266
-0.241081 -0.565600 0.999217
1.537464 0.367315 -0.043343
-0.789000 -0.009194 1.286435
1.352896 1.688823 0.089785
-1.041741 1.962753 0.198158
-1.041130 -1.598593 -0.378316
-0.579353 -0.326894 0.006031
-0.762620 0.268028 0.431672
-0.065356 1.650459 -0.518316
0.114053 0.121723 -1.426363
-1.118932 -0.625179 0.279319
-0.857137 1.763234 0.250897
-0.447694 0.890660 0.256860
0.339617 0.399606 -0.798433
0.802932 -0.642357 1.249040
0.383388 0.335888 0.149978
-2.421258 -0.939185 2.168122
0.157445 -1.573515 -0.887635
-0.077800 -0.838396 -0.895884
-0.089482 -1.277873 0.033081
-0.223430 -1.632028 1.428067
-0.372170 -0.610223 -0.366347
0.184958 2.538367 -1.245071
0.393164 0.468347 0.893893
-0.550902 1.972053 -0.545643
0.900091 0.603662 -0.472406
2.118917 2.025409 0.927773
-0.523244 -0.887090 0.817001
-0.385146 -0.756079 -0.513363
-1.943020 -1.789029 -0.839390
0.196107 -0.234821 0.484755
0.053034 -0.232699 1.863379
-1.471379 1.517135 1.368905
0.587691 0.180017 0.587743
-0.453457 -0.179144 -0.735344
-0.127921 0.504350 -0.940367
-1.247491 -0.103330 0.118436
-0.039414 -1.411746 1.773054
-1.445501 -0.084476 1.168308
0.780065 -1.114878 -0.385175
-0.064060 0.079545 1.474857
1.572078 -1.484743 -0.558226
0.469597 -1.133372 -0.103042
0.743898 -0.457553 0.649643
-0.508299 -0.775302 0.078401
-0.614443 -1.361220 0.730145
0.811077 1.481072 -0.171826
1.105278 0.097553 0.070788
0.614713 -0.032434 -0.961625
0.280019 -0.736896 -2.017612
-0.640373 1.125602 -1.228115
-0.398389 0.268628 -1.918115
-0.815933 -0.942636 0.231401
1.630753 -0.407932 -0.737344
0.231045 -1.973519 0.545670
0.179134 0.100668 0.402798
1.352583 -2.279296 1.223485
-0.749034 -1.299367 0.138337
0.870565 1.188702 -0.021059
1.390961 0.317654 0.304213
1.856621 -0.313637 -0.154495
0.714662 -0.048356 0.228168
1.612432 0.329629 0.956183
-0.322237 0.446161 -0.124090
0.046658 -0.260361 -0.883131
1.321437 0.031881 -0.388977
0.999243 1.022525 1.082165
1.306246 -1.155089 -0.761390
1.355738 0.292482 0.577081
1.814193 1.116166 1.485479
0.538191 0.649006 0.852137
-1.412655 -1.172220 -1.007183
0.004564 0.361639 -0.682405
-1.231415 0.378170 1.129471
-0.797496 -0.902314 -0.654699
-0.168957 -1.846076 0.748540
-0.420690 -0.594447 -0.458696
-1.655795 1.050603 0.736577
-0.216096 1.816426 -0.465121
-0.542630 1.897944 -0.051746
-1.137083 0.965202 2.004996
0.271953 1.741013 -0.362274
0.465501 1.034012 0.478259
-1.081145 -0.134537 -0.165832
-0.727033 1.531457 -0.610313
-0.861456 0.931753 1.356560
-1.305003 0.183356 -0.780027
1.367446 -1.250604 -0.507370
-1.283277 1.055124 -0.438637
0.209694 0.103667 0.855092
0.930241 -0.250546 -0.631938
-2.126257 0.335307 0.143522
0.346251 -1.045806 -0.633499
0.174557 0.814863 -0.203709
1.080199 0.936187 -0.873516
0.673591 -0.680271 -0.984918
-1.002878 -2.480158 0.901582
-0.571421 1.011589 -1.345558
-0.450491 -1.405888 0.070870
-1.719914 -0.907851 -0.123882
0.410202 0.174991 0.736941
-1.640974 0.828329 -1.205026
1.542748 1.735296 -0.519612
1.396538 -0.694305 0.569778
0.991289 -0.248168 -0.994838
-0.404237 -0.828669 -0.146015
0.454127 -0.550562 -0.892271
0.442226 -0.904883 1.624719
-1.403393 -2.447559 0.463265
-0.083362 0.860278 -0.272793
-3.298309 -0.775782 0.738158
0.209274 -0.914527 0.817492
-0.673546 1.858282 -0.320381
-0.796601 -0.809161 0.493067
-0.415664 1.280765 0.197472
-0.379823 0.622589 0.186733
3.188754 -0.955238 0.712456
0.555669 -0.829317 0.993357
0.644147 0.456673 -1.057826
0.289457 0.288273 -0.711634
0.247665 -0.645285 -0.025440
0.741077 1.516080 -0.311903
0.761813 2.442334 -0.032681
-1.048782 -0.224094 2.468679
1.107324 0.379859 -1.576292
0.673168 0.156616 -0.760064
1.611284 0.352346 -2.675470
0.383920 -1.408045 0.857697
-0.503086 0.014075 0.001362
-2.281003 0.281880 -1.660856
-0.559290 0.248428 2.320585
2.507487 -2.281007 -0.037992
-0.318448 -0.737405 -0.069377
0.912604 1.266271 0.943236
-0.616176 -0.172168 1.039640
-0.076968 0.189540 1.369352
-0.992234 1.297651 -0.221371
-1.595605 2.268121 -0.553624
1.339131 1.161934 1.010297
0.092513 -1.008261 3.251614
-0.052581 -0.199242 -2.168474
-1.463520 -0.151526 -1.796095
-1.498995 0.496825 0.305818
-0.766500 -2.302203 -0.730149
-0.360849 0.565143 1.085336
-0.591742 0.398648 0.727082
0.302183 0.711617 -2.411898
0.854195 1.127454 -1.337897
-0.002353 0.874445 0.717174
-0.454424 -0.044559 1.046079
0.548896 0.852685 -0.196858
0.123467 -0.111553 -0.881192
0.464986 -0.542265 0.213517
-3.575095 -0.336604 1.025753
-0.420268 0.700175 -1.272299
0.975942 0.913704 -0.519520
-0.244225 -1.943025 1.123669
-1.611582 0.169355 1.478014
-0.026309 -0.253421 0.544494
1.260168 0.201101 0.691644
-1.965816 -1.034754 0.037272
0.116237 -0.543248 -1.097074
-0.053903 1.838830 -0.782069
2.818933 -0.551566 1.274213
0.350153 0.813496 -0.605330
-0.778241 -0.815489 -0.763358
-1.101537 0.766903 -0.407359
1.043166 0.581168 0.759296
-0.074661 0.306613 -1.049634
-0.904913 0.816564 0.933878
-0.254355 0.561860 -1.078446
-1.012813 -0.198071 -1.218129
0.201227 0.230248 -0.361075
-1.117135 2.876408 -1.110109
-0.588354 -0.584350 -0.578865
0.088384 -0.198999 0.836771
-0.067146 -1.547022 0.144093
-0.423131 0.667723 -0.504106
-2.538063 -0.257149 -0.356696
-0.967050 -0.327047 0.582348
0.085112 0.602227 0.038768
-1.903879 -1.140924 0.796918
-0.141747 0.621891 -0.098248
-0.186989 -0.564009 -1.045992
-0.990993 1.499060 0.063995
0.429492 -2.673789 -1.144379
1.354306 1.387403 0.695076
0.829442 0.603542 0.885850
-0.534320 1.549326 -0.247569
-1.148563 -1.217410 -0.352771
0.279177 -0.654716 0.652885
0.614491 1.791673 -0.594776
0.281392 0.446377 -0.169203
-0.891951 -1.201108 -0.440719
1.101571 0.994185 -0.173784
-0.992265 0.561636 -1.621422
0.553095 -0.436561 1.027585
0.386165 -0.364810 -1.141308
0.672698 -0.711422 -0.122558
1.121539 -2.829559 -1.043568
1.695426 -0.802855 1.484918
-1.647894 -0.414321 1.089148
-0.403295 0.716716 0.849534
1.402437 1.249945 -1.224361
-0.629364 0.180665 -1.727131
1.059514 -1.025029 -0.743408
-2.279914 -0.691581 0.387822
-1.372928 1.131391 -0.501525
-1.162478 1.204347 0.483489
-0.223543 0.429012 0.153784
1.200331 -0.059291 -0.452060
-1.099208 -1.417151 1.117746
1.263894 -0.596226 0.036683
0.698549 -0.831340 0.028421
0.450316 1.048078 -1.774161
-0.390110 0.560195 0.453065
0.499498 -0.123702 -1.200563
1.119639 -0.605223 0.668221
0.695347 -0.287804 -0.619360
-0.841947 1.426889 1.114713
0.172741 0.032168 1.611138
-0.578649 -0.857341 0.945276
0.467853 0.395163 -0.413871
-0.224462 1.685052 -0.355130
1.891519 0.112806 -0.304889
-1.915645 0.372425 0.086066
1.499143 -1.147913 0.154245
-0.177458 0.507481 -1.066919
-0.613018 -0.695077 0.980770
-0.685984 -2.328689 0.439411
-0.911491 -0.955614 0.023478
0.338490 -0.250286 0.398828
1.194703 0.390453 0.213231
-1.664888 0.009982 -0.357983
0.517430 1.029032 -1.600286
-0.678597 -0.354957 -2.556759
-0.232718 0.475490 -1.294391
-0.161569 0.769825 -0.044362
-0.898696 -1.106677 0.387424
1.313937 -1.501866 1.153893
1.270609 -0.925616 -0.823308
1.668469 -0.589308 -0.141078
0.618887 0.502765 -0.270880
1.179962 -0.633766 -0.878450
0.858886 0.686667 1.413474
0.953292 -2.293619 -0.494356
0.598082 0.988096 0.366133
-1.840223 -0.021480 0.432148
0.666301 -1.468241 -2.216654
-1.739028 -0.616903 1.609068
1.945654 0.934437 -0.111849
-1.142825 1.753968 0.883542
1.638265 0.351846 1.680876
2.370232 1.066736 -0.368396
-0.807725 0.942202 -0.913696
1.577937 0.038735 0.304475
1.757218 0.940195 0.549248
0.757193 -0.660845 0.001116
-1.561706 -0.562460 0.447739
0.387302 -0.290053 -0.666877
-0.298381 1.227147 -0.217566
1.081644 -0.075811 0.857339
-0.347503 0.502528 -0.128469
-0.490865 -0.883046 0.008667
-0.237057 0.061456 -0.144389
-0.387657 0.756523 0.376535
0.771672 -0.410422 1.079889
-0.443902 0.354034 -0.790982
-0.084486 0.846636 -1.000249
-0.522340 0.498594 -0.299592
0.836395 1.433987 1.193314
0.852596 0.615796 -0.279497
1.437113 1.873546 1.026977
-0.688228 -1.928839 0.101162
-0.614150 -0.117318 -0.350213
-0.046750 0.059258 0.601645
-0.296526 1.280581 1.496001
-0.449795 0.112508 1.963283
0.033606 1.185841 1.342036
-0.564563 -0.309328 -0.417505
-0.668239 -0.393921 1.391625
-0.572602 -0.836201 0.359535
-0.293456 0.078990 -1.465076
-0.941642 -0.498277 -1.539106
0.802586 0.285462 0.782032
1.182360 -1.114464 0.681821
-0.221879 -0.191317 2.952820
-0.685727 -0.061199 -1.352387
-1.414458 -0.181486 -1.259790
-0.746373 -0.253806 -0.152037
-1.639342 0.543070 -2.008252
-0.193429 -1.012166 -0.642700
0.349469 0.478552 0.006271
-0.352995 2.396488 0.399449
-0.095256 -0.283930 0.694704
-0.336004 0.595167 0.021497
1.471555 0.363515 1.343399
1.195488 -1.238266 -0.029934
-0.693758 -0.608238 -2.001002
1.056513 -0.338093 -0.856814
-1.253767 -0.534095 0.174566
-0.575523 0.316444 0.361571
0.407899 -1.178598 0.852896
0.755763 -1.980590 -1.598135
0.437334 -1.712329 -0.096055
-0.429760 -1.140103 -2.815448
-1.307518 -1.250395 1.039115
-0.419677 0.931065 -0.729462
-1.516627 -0.533812 -0.593358
-0.926434 0.910588 2.322325
0.260180 -0.362096 -0.001038
-0.070564 0.413292 1.077125
-1.983591 -2.500141 2.280697
-0.367073 -1.665485 -0.494911
0.286939 1.031675 -0.129927
0.888718 -0.229483 -3.331795
-0.512307 -1.087822 0.139002
-0.407361 0.557012 1.053160
-1.108621 0.217371 0.794623
-0.266003 0.899460 0.398182
-2.317075 1.617701 0.351057
-1.234647 1.015054 1.917928
-0.599473 1.497869 -0.002431
-0.418224 2.310812 0.668904
-1.776249 -2.525729 -0.393224
-0.581750 -0.353343 -2.335462
0.130593 -1.508348 -1.133879
-0.291953 -1.925995 0.782030
-0.987003 1.544922 -0.855324
-1.225686 1.350967 -0.853539
-0.054465 -0.508027 0.852592
-0.484229 -1.172880 -1.936141
-1.106426 -1.337870 3.064766
1.396043 -0.001470 0.518501
0.920368 -1.472294 -0.251500
-0.748394 0.984630 1.906418
-0.421831 1.591004 -0.555386
0.471290 -0.691595 0.740774
-1.161740 0.965748 0.662812
-1.261443 -1.394689 0.334271
-0.465432 -0.282885 0.770426
-1.168184 -0.402210 0.249799
0.387539 0.928098 1.499324
-1.515782 -0.290543 -0.988019
1.465063 -2.411929 -1.037070
1.143536 -1.433388 -0.537570
1.837081 -2.967950 -0.604953
1.135688 -0.680318 -1.147951
-0.380242 0.644499 0.973045
-0.561812 -0.310034 -1.203160
0.104102 2.300152 0.430332
-0.931056 -0.058237 0.345431
-1.179004 -1.630620 -0.093961
-0.600217 -0.165629 -1.704800
-0.020449 -0.189598 -1.792799
-1.988687 0.283169 0.450477
-1.258914 0.466974 -1.955455
1.175559 1.168167 -1.117941
0.325152 0.177873 -0.989589
1.140913 1.542349 0.908431
0.702076 -0.101945 2.034848
-0.605186 0.151799 -0.660174
0.857497 0.462301 -2.496044
0.899619 -0.418450 0.052251
1.042330 -0.988738 -0.280194
0.558332 -0.476058 -0.190190
0.289959 -1.964602 -0.136701
0.172813 0.028167 -1.866618
-1.713485 -0.633171 0.506260
0.318508 1.646811 0.488804
1.173445 0.347810 -1.047630
-0.850127 -2.512012 0.608121
-1.057903 -1.209721 -1.666043
2.543199 -1.736521 -0.362371
-0.064395 -0.085477 4.063839
1.001767 -0.112994 -0.636992
0.112165 0.813667 -1.316817
-0.916520 -0.129860 -0.314606
-1.323720 0.250599 -1.870961
0.568912 0.988368 0.602851
-1.083587 0.648900 -1.237021
1.222768 -0.808169 0.110401
0.169289 1.575764 0.633876
0.759640 -0.074294 -1.915172
-0.154498 -0.894369 -0.120013
-0.404867 1.527183 0.282773
0.941908 0.251997 0.939106
0.392037 -0.362895 0.141699
1.027202 0.047544 -0.440154
-1.471728 0.002913 0.403991
-0.448022 0.238204 0.537739
0.398453 -1.020572 -0.149912
0.729396 -0.773563 1.525548
0.889840 -0.067486 -0.382677
-0.868348 -0.973836 -0.254578
-0.785696 0.648086 0.410279
-0.672860 0.276993 -1.513301
1.289620 1.087013 -0.206135
1.069541 0.811175 2.118156
-0.718414 1.344189 -1.675666
0.137818 1.385842 -0.349959
1.557237 -0.041356 -0.394389
-0.057555 -1.646908 -0.045270
-0.932963 0.115629 -0.204792
1.781064 0.275598 -1.012439
-0.318403 0.413642 -0.455214
1.208128 0.192954 0.346989
0.473274 -0.941860 -1.284884
-1.393925 0.544371 0.648852
1.252686 0.880693 -1.089093
0.389585 -0.341266 -0.797771
0.013314 -1.241758 -0.059391
1.691573 -0.441138 1.726075
-1.071770 0.494803 0.413445
-0.959686 -0.977090 0.241087
0.378116 1.815297 -1.325607
-2.834487 -0.021423 -1.886499
-0.418949 0.283109 -0.947200
0.128128 -1.326526 0.969496
1.409567 -1.599936 0.741050
-1.205092 -1.321007 -0.173545
-0.235491 1.433187 1.414422
-0.004305 -0.356074 0.509877
-0.062953 -0.267811 0.191948
1.114121 0.548602 0.101375
0.718708 0.340885 0.476744
0.708796 -1.990909 0.238654
-0.654048 -1.176237 0.864319
-0.268015 0.744691 -1.099952
-0.797458 0.836453 -2.043201
0.463583 -1.083874 -0.873519
-1.232045 0.889434 -0.692879
-0.724626 -0.340919 0.785524
0.715574 1.545089 -1.722631
0.027071 -0.439557 0.928356
-0.693107 0.405997 -1.024977
0.387998 0.853820 1.938231
-0.623881 0.888109 0.644470
0.657073 -0.088779 1.126214
-0.203327 -0.042540 -0.080100
0.570347 1.167273 0.556465
1.235524 -0.252570 0.953335
-1.912888 1.328849 -2.082042
-1.374787 -2.293097 -0.736369
-0.525187 -0.217264 1.261969
-2.332282 -0.447992 0.446316
-0.660204 0.316995 -1.633455
-0.852731 -0.150587 1.326403
1.641542 1.585309 0.215145
1.275604 -0.831363 0.139967
-0.354004 0.335856 0.421258
1.074502 -1.306387 0.783178
-0.077834 -0.029669 -1.129487
-0.182790 -0.266438 -1.513560
0.904897 0.957622 0.244812
0.705421 0.023084 -0.433519
-2.484133 -0.635184 1.581983
-1.522505 -0.595013 0.405481
-1.242702 -0.308071 1.412439
-1.958957 -0.718436 0.274697
-0.411152 1.567519 -2.230381
0.570661 1.317756 1.391859
-0.193724 -0.348785 -1.161614
-0.004607 1.994797 0.650828
1.643951 -0.128059 1.169697
0.446799 0.000423 1.372982
1.377448 -0.695554 -0.801073
-1.178796 -0.980341 -0.926127
0.500443 0.215474 -1.368739
-0.056263 0.459559 0.442550
-0.113670 -0.229226 1.112422
-0.148225 -1.118011 -0.085824
0.847819 -2.494148 0.631613
-0.072176 -0.316589 0.514051
1.991340 0.470521 -0.162937
1.081401 1.934116 -1.305078
-1.573016 -1.204388 1.095677
-0.467581 0.458236 0.716765
-0.565342 -1.700594 -0.930051
0.559499 0.170527 0.013401
0.544142 1.161007 0.477138
0.202924 -0.498001 0.468467
0.256751 0.574454 -0.137256
0.785947 -0.419076 0.996244
-0.483263 -0.533642 -0.653455
0.187728 1.271651 0.048513
-0.928088 -1.775288 -0.416302
-0.344702 0.340336 -0.020634
2.161397 -1.450101 2.369276
-0.499521 -1.511593 -0.969982
-1.625926 -0.589022 -1.019030
0.173222 1.044966 -2.085784
1.497772 1.229815 -0.157248
-0.280035 -0.432347 -0.201531
-0.626929 -1.788667 0.541427
0.001204 1.359922 -0.298394
0.611718 -0.940327 -0.344032
1.370716 0.541409 0.591939
-0.531197 -1.659236 0.497109
0.376812 -0.392499 -0.101215
-0.171838 1.965205 -1.810888
-0.208430 0.222097 -0.058981
1.250424 -0.501109 -1.339670
-1.309272 -1.400065 1.020348
-1.087384 -0.412302 -0.881788
2.364986 -0.493871 -1.024316
0.018720 0.093480 1.533060
-0.251996 1.097850 -2.167846
0.456732 1.809925 -0.454234
-1.952403 -1.874096 0.349748
-1.352386 -0.853317 0.106117
1.248469 0.942343 -0.494935
-0.458085 0.761761 -0.015730
-0.807334 -1.960218 1.112132
0.801300 0.843656 0.305303
0.651039 0.429120 -0.293248
-0.228243 -0.629787 1.524444
-1.791212 1.800173 1.017312
0.078402 -0.336909 -0.594387
0.019600 0.007537 1.127936
-0.827653 0.592912 -0.245817
-1.791149 -0.137576 1.804322
-2.014732 -0.112356 -2.316392
0.171918 0.694764 0.279604
0.329363 -0.407139 -0.082855
-0.570299 -1.152587 -2.091363
1.665987 -0.180501 -0.848914
1.018667 -0.417764 -0.728157
1.138117 0.760648 -0.839247
-0.566755 0.953612 0.425831
-0.177545 0.473535 -0.470725
-0.045985 0.711019 0.607116
0.765027 1.050325 0.891635
-0.818479 -0.443104 2.456861
-2.221392 -0.570328 0.464078
1.313369 0.973950 -0.181896
0.263778 0.664703 -0.757992
1.777238 0.158669 -0.330355
-0.255025 -1.537921 -0.768073
1.103837 -0.769387 1.648197
0.995530 0.710962 -0.183532
1.515966 -0.880908 0.891118
-0.757264 -1.862752 -0.881987
1.686548 1.085258 -0.128767
-1.650255 -0.214745 -0.571416
0.608306 -1.765768 0.146211
-0.023499 -0.687402 1.921759
0.065794 0.128518 0.795042
-0.829394 2.031834 0.441992
-1.211479 -1.061541 0.814706
0.464480 0.004793 1.424960
1.167385 -0.304309 2.174879
0.047909 -0.712569 -0.533479
0.138034 0.883968 -0.592407
1.076116 -0.371876 1.183758
0.413266 0.816884 0.196138
1.308601 0.707891 0.799307
-0.891751 -0.398331 3.650567
-0.362530 -0.223198 -0.526637
-2.596372 -1.498512 0.746846
-0.515385 0.498449 -1.478291
-1.686456 -1.170173 -0.991647
1.961195 0.092817 -0.149884
1.306390 0.953722 0.082110
-1.811209 0.947887 -1.272552
-0.201638 0.255432 2.461334
1.723083 0.839956 0.549517
0.365464 -2.195652 -1.510486
1.820045 -0.181989 -0.840905
-1.640588 0.385072 -0.036537
-0.793834 -0.935563 0.735374
-0.909914 0.569833 1.101235
-0.422228 0.207750 -1.379271
2.201049 0.089152 -2.426020
0.059272 -0.715270 2.218569
0.237371 0.577657 0.508689
-1.306255 -0.273994 3.021717
0.435802 0.091230 1.863728
-0.987253 -1.543560 -0.264309
0.092960 0.299413 1.737466
0.109500 -0.110676 1.344921
1.302000 -1.110806 2.264761
-1.143233 0.231223 -0.124513
-0.675495 0.546232 -1.786681
-0.595616 -1.381939 2.224282
0.833549 -0.842120 0.518422
-1.124711 1.608618 -0.186089
-0.352533 -0.629298 0.288737
-0.198494 -0.708024 1.229239
2.206547 -0.593413 -0.058793
0.621478 0.452595 0.966148
0.993585 -0.463748 1.491637
-0.553015 -0.517306 -0.271103
-0.297465 -0.765510 -0.802173
0.308765 0.039686 0.096845
-0.086284 1.310590 0.040178
0.854858 -0.929923 -0.208570
0.772311 0.677745 -0.252580
0.413799 0.026409 -1.878840
0.196388 -0.587584 -0.667306
1.592160 -0.411495 -0.053635
0.847176 1.384483 -1.654693
-0.143897 0.762090 1.158371
0.323254 -0.558204 -0.399302
-0.848497 -0.802225 1.196414
0.569323 -0.855340 0.221402
0.894650 -0.687688 -0.276359
-0.647551 1.112094 1.442489
-0.924953 -0.218366 0.108903
0.857665 -2.134371 -2.486057
1.619196 0.336754 -1.088977
-0.046046 -0.696421 -2.039276
-1.173243 0.433178 0.834015
-0.157837 -1.573209 -0.352201
-0.762010 1.621462 0.382526
-0.943714 -0.247356 0.101035
0.594479 0.783762 0.342399
0.349014 1.170175 -0.647320
-0.385589 -2.474048 1.015457
1.219588 0.985036 0.704894
-0.901653 -0.139172 0.350704
-0.984327 0.906786 0.438092
1.711372 1.004496 -1.926800
-0.194319 -0.046642 0.784813
-1.122498 1.091501 0.185255
1.151818 0.691990 -0.404188
-0.393089 1.446420 -0.694922
-0.714921 -0.270501 -0.699012
-0.094738 1.564056 -0.998210
1.210285 -0.000255 -0.841636
-0.575335 -0.350687 0.671062
0.897882 0.311136 -1.404111
-0.871388 -0.333743 1.031210
0.607413 0.752723 0.628788
-0.685554 -0.498425 -0.078643
-0.430462 -0.173113 0.842793
-0.112757 -0.438333 -0.715973
-1.899405 -0.530499 -0.139437
0.688955 -1.519411 0.629635
-1.100485 0.644119 0.184193
1.013511 -0.530159 1.128925
-0.838621 1.314020 0.819519
-0.701869 2.239673 0.117957
1.474243 -0.532469 -1.262460
0.522648 0.913234 0.860534
0.064089 2.244570 -0.379438
0.464879 0.460389 0.646613
-1.134961 -0.498231 0.708639
-0.023487 -0.744257 -0.819892
0.320975 1.102801 0.722500
-0.328090 1.422486 -0.036367
-0.417579 2.546503 -0.085891
-0.663851 -0.242385 1.206099
-0.419895 1.469596 -0.329530
0.746193 -0.714330 0.162561
0.553261 0.541440 0.341601
0.316456 -0.173216 -0.235015
1.586251 0.377437 0.087755
1.999221 -1.076817 0.316889
0.747870 -1.138163 0.425523
-0.814448 0.023577 -0.566614
-0.836039 -0.509210 0.315830
0.312551 -1.559827 0.804433
0.472001 -0.524808 0.586930
0.387461 -0.968963 -0.860762
-1.285976 -0.412525 -1.014625
-0.739569 -0.540547 0.173510
-1.248252 0.483665 0.230345
0.136144 -1.522225 -0.652957
1.544241 -1.344643 -0.318358
0.148078 -1.097885 0.745937
-1.916604 0.405544 0.255345
1.303749 0.322653 -0.951115
0.262993 -0.400338 2.636992
-0.810305 -0.377689 0.802459
-0.598467 0.264071 -0.250565
-2.314571 0.371715 -0.056513
2.028727 0.930314 1.042715
-0.493282 -0.421280 -0.213057
-1.087639 2.814146 -0.908428
0.688735 0.643644 0.587143
-1.187992 -0.783255 -0.921907
1.580319 -0.283901 1.158143
-0.098773 0.443381 -1.342926
1.728059 0.193630 -0.500922
-0.407040 -0.853467 -1.476098
-0.570855 0.677222 -0.670518
-0.420004 -0.237015 -0.011667
-0.173982 -0.886462 0.607164
-1.377209 -0.547020 0.009881
-0.387202 -1.133710 0.281985
0.069277 0.719026 -0.386685
1.342909 0.540028 0.072232
0.773388 -0.225160 0.336911
0.022088 -1.476149 -1.711528
-2.512021 -1.967875 -0.874491
-0.543437 -2.105500 2.079505
2.129176 0.477413 -2.314974
0.956521 0.337467 0.047586
1.007588 -0.135909 0.604918
-0.602349 -0.370992 1.601279
-2.536419 -0.591440 -1.701611
-1.333001 -1.239514 0.192455
-0.223885 -0.299151 -1.004771
1.519047 -2.182593 1.433270
1.852453 -1.161173 1.774699
0.078086 1.886024 -0.571278
-0.431536 -1.444904 1.172390
1.639882 1.504432 -0.051888
0.554283 0.232741 0.260025
-0.386440 0.417003 -0.034657
-0.165672 1.688037 -0.790595
-0.191114 -0.137635 0.820358
-1.367031 -0.301611 0.811455
0.281887 -1.121276 0.122915
-0.332058 1.122122 0.360852
0.419620 -0.339239 0.305531
-2.601908 0.838936 -0.491696
0.811265 -0.526520 -0.006871
0.718428 -1.002629 0.350789
-1.182385 1.027097 -3.289622
0.074652 -1.683370 -0.369026
0.061885 -1.027118 0.828639
-1.185884 0.413363 0.447372
-1.179105 2.515426 -1.158323
-0.047534 0.184198 -1.810249
1.382056 1.312827 0.275996
1.622063 0.481142 -0.072457
-0.847146 0.712399 -1.174511
-0.406288 -1.562164 0.645006
0.160348 1.220040 0.179570
1.608429 1.025763 1.237191
2.065687 0.619292 1.093974
-0.396063 -0.748957 -0.806686
-0.961079 0.587002 1.165240
-1.306254 1.075854 -0.857408
2.314274 0.324373 0.011231
0.810722 -1.247089 -0.067218
-0.537773 -0.044314 -0.455354
-0.693406 -1.621766 -0.023661
0.091501 0.192138 -0.715507
-0.282797 -0.973510 -1.861434
-0.913476 2.050050 0.261431
-0.374929 0.233639 -1.830196
-0.909096 -0.474934 0.534248
-1.447981 -0.184657 1.664186
-0.277933 -1.341028 0.837713
0.496493 -1.427939 0.158788
-1.916670 1.401332 0.292121
0.234183 1.166280 2.187723
1.476102 -0.587103 -1.363055
0.251931 0.854665 -0.303184
0.532502 -1.152637 -0.546890
0.132197 0.439371 1.578342
-0.785074 0.302147 -0.545275
-0.654852 -0.517800 0.368701
0.616635 -1.895619 1.870016
-1.683050 -0.310089 0.386336
-0.610946 0.699131 -0.489088
0.572487 -0.633251 0.219806
1.823199 1.036005 -0.563271
2.198168 -1.194654 0.010070
0.063103 0.561196 0.898015
0.919898 -0.625298 0.517921
-0.640516 1.234994 0.203345
-0.707793 -0.634829 -0.956332
2.090155 0.179043 -1.306905
-0.793484 0.987180 -1.398803
0.038373 -0.791782 -0.624631
-0.444645 -0.470657 0.538454
-0.275231 -0.053698 -0.595798
0.340209 -1.169350 1.064690
-0.369666 -0.175623 0.775543
-1.203103 0.427708 -0.338510
-1.655755 0.983233 -0.727751
-0.861759 -1.027341 1.409179
-0.309125 -1.538507 -1.250668
-2.020822 0.185215 0.795247
1.165528 -1.604893 0.965025
-0.717486 0.786076 1.029505
-0.778360 0.710690 -0.397751
-0.256632 -2.180380 -0.863586
0.407921 0.926182 -1.230891
-1.834410 -1.370321 -0.827193
3.073856 0.970352 1.965040
-0.620077 -0.601843 -1.805853
1.342258 0.644550 -2.275378
-1.043265 -0.274781 0.712367
-0.090842 2.234050 0.259379
0.710964 1.393471 -1.639052
-0.041048 1.107037 -1.054612
-1.973046 0.170026 0.606747
-0.521865 0.612524 -2.634500
1.984997 -1.528053 0.410030
-0.992512 0.518636 -0.894067
-1.428471 1.609596 -0.259756
0.247486 0.145317 0.564814
0.282232 1.628847 1.011534
0.417344 -0.997118 -2.585634
-1.199117 0.685898 -0.254983
-1.017678 -1.493637 -2.120526
1.616730 -1.377477 0.542118
0.375666 -1.695431 -0.321804
-0.285352 0.517450 -0.766309
0.610941 -0.018931 -0.805124
-0.102061 -1.345158 0.071921
-0.047282 -0.494934 0.013274
0.383570 -1.445128 -1.243067
-0.466286 0.376618 -1.273295
-0.593991 1.601543 2.070690
0.161883 -0.470787 0.565981
-0.242455 -0.403435 -0.608181
1.327134 1.528589 -0.356474
-1.283546 0.894127 -1.014987
-0.622441 1.493749 -1.055824
-0.483303 -1.258185 -0.095167
0.833629 -0.088369 -1.382001
0.326392 0.148172 0.323248
0.582070 -2.060367 0.193633
1.324384 -1.335389 0.732202
0.312152 -0.689297 -0.704864
0.924994 0.635333 0.475105
0.692294 -0.154234 -0.599680
0.669296 -2.337645 -0.728626
1.188109 0.224545 -0.573512
-0.444705 -1.301608 0.238683
0.781845 -0.427249 -0.681381
0.419893 2.366374 -0.437627
0.086507 -0.569462 0.609352
-0.170181 -0.147199 0.052836
-1.198788 0.151365 0.005532
0.262444 -0.479773 -2.618723
0.857687 1.399540 -0.892394
0.450863 0.834149 1.390731
1.728334 -2.150020 1.264137
-0.585447 0.732967 1.739457
-1.624633 -0.176404 -0.193668
-0.264947 -0.904971 -0.223141
2.130032 -0.443382 -0.027269
-0.983996 -0.407916 1.429651
0.772878 -0.387202 -0.058164
1.687168 1.001518 0.216968
0.340868 -0.478757 0.548864
-1.057591 0.101847 -0.414179
1.895920 0.921315 -0.281493
0.260133 0.307614 0.919270
0.571073 0.590370 0.008768
-0.718136 0.623382 -0.328354
1.334375 -0.727651 0.160936
0.814803 0.707179 -1.299592
0.371022 -0.544292 0.248557
-0.032156 0.308798 0.948245
0.516657 1.236653 -1.919336
-0.210593 -0.761311 -0.420141
-0.336262 -1.167655 -0.946545
-0.549758 0.644909 0.359067
0.271897 -0.882435 -0.697679
0.895666 0.191479 -1.134776
0.982777 -1.374698 1.174450
-0.419056 -0.952691 -1.707189
-0.290747 -0.315432 -0.613299
2.289224 -0.066212 1.228970
0.007641 1.990736 -1.360801
0.165368 -0.304191 1.029113
0.269181 0.972870 -0.947290
0.316401 1.768245 -0.667693
1.142715 -0.485465 0.303188
0.708198 1.172767 -2.670436
0.171952 1.287025 -0.805365
2.119880 -0.587038 -1.263474
0.770086 2.492459 -0.714922
-0.423595 -1.130893 0.489470
0.591519 0.330736 0.403409
1.888885 -0.724585 -0.283233
0.442706 -0.088805 0.146429
-1.175163 -0.292070 -0.895875
-0.241130 0.635054 0.009108
-0.591056 1.064348 0.293775
0.024706 -0.248198 1.645921
-0.293477 -0.400656 0.095858
1.718413 0.999990 0.288406
-1.856750 -0.963276 1.091733
2.610323 0.356369 -2.596273
-1.625179 -1.962461 -0.123024
0.185092 -0.784137 -1.512597
-0.844169 -0.481739 0.748498
1.579641 0.636201 -0.880999
0.404153 -0.537254 1.702559
-0.186217 0.715438 -0.048046
-1.385994 -0.309657 -0.587425
0.263545 -0.466494 0.703555
-0.282632 2.579175 -0.586804
-0.213865 1.554670 1.158519
0.482427 -0.581921 0.762547
2.066193 1.423435 -0.768110
-0.083118 -0.059039 -0.685448
-0.528242 0.706213 -0.818878
0.798016 -0.147781 0.466325
-1.071855 0.286955 0.199220
-0.467229 0.056887 -0.646600
-0.128233 0.098661 1.158797
0.371808 0.474365 0.328173
-0.244560 0.858528 -1.362415
-1.670901 0.413130 -1.057019
0.302087 -0.985359 -2.422216
-2.578196 -1.365469 0.112845
0.717542 0.305740 0.078448
0.900393 0.584159 -1.912070
-1.119811 0.604351 -1.490795
-0.646431 -0.539209 -1.336781
-0.214072 0.344849 -0.034133
-1.023522 -0.377949 0.186374
-2.158381 -0.197488 1.463878
1.019469 0.824061 -1.671142
-0.058867 0.357213 -1.418797
0.211108 -0.180409 0.032265
-0.771019 -0.065341 0.424828
-0.036086 -0.329384 -0.840001
-0.574111 0.235919 -0.312431
0.584691 -0.469925 0.670030
0.632390 -0.703867 -0.578493
-0.670366 1.048969 -0.861060
0.202815 -1.106179 -0.382673
-1.831900 -1.160718 0.425772
2.353812 -0.731880 -0.011914
-0.296544 1.705830 -0.794283
0.234192 -0.835875 -1.556088
1.459335 -1.363339 -0.297374
0.107120 -1.820276 -0.503173
-1.199295 -0.439572 0.812072
1.107742 1.949823 0.912334
-0.594967 0.330583 1.125505
-1.902078 0.310301 -0.075549
-0.547627 0.635301 -2.933251
-0.260961 -0.620355 -2.595937
1.510158 0.561423 -0.201750
0.516958 -0.012469 1.416927
1.193136 -0.569008 0.225170
-0.560590 3.190759 0.837655
0.644800 0.827082 -1.557397
0.176058 0.860992 0.155006
0.152228 1.192729 1.180864
0.774850 -1.631621 -0.597797
1.250615 1.792013 -1.815283
-1.391480 -0.494908 0.529546
1.235460 -1.058240 3.308322
-0.101863 -1.947546 0.183307
-0.214765 1.172577 -0.463943
-1.190132 -1.563520 0.335795
-0.881515 -1.952240 0.330708
1.058859 -0.788744 0.883785
-1.129869 0.184354 -1.659743
0.937706 -1.111889 1.591854
0.010081 0.195168 -0.161377
1.406321 -0.829549 -0.986003
0.694072 -0.024441 0.035875
-1.120847 1.830497 1.172753
0.665105 -1.289838 0.574365
0.018484 0.271457 -0.195871
-0.235353 1.033722 0.693687
0.877894 -0.607710 -2.089776
-1.041859 -1.464337 0.454054
-1.112340 -1.471327 -0.269901
-1.009968 0.723837 -0.997276
-0.538324 -0.178955 -0.505553
0.140400 0.464035 -2.578418
0.680057 1.588725 0.462241
-1.149748 -0.319366 2.841590
-1.836431 1.893789 -0.730401
-1.078104 -0.876780 -1.365464
-1.973597 0.532727 -0.204634
0.295313 -0.608254 0.024980
1.471626 -1.983901 -1.535430
0.753232 0.025515 -0.490462
0.298005 -1.387668 -0.644686
-0.045690 1.071000 -1.771637
-0.247888 1.693278 1.112420
-0.707725 0.084541 0.778753
0.790129 0.497406 -0.458981
-0.227955 0.351031 -0.299180
-0.596273 0.415740 0.893985
-0.611679 1.410241 -0.643157
-1.505383 -0.124201 -2.202511
0.339290 1.084129 -1.097622
-0.891959 -0.355770 -0.004034
-0.815658 0.403199 0.250878
-0.144575 -0.954567 -2.052907
-1.707032 -0.713278 0.218164
-0.583995 1.702798 0.473745
0.058497 -0.698581 0.670869
0.571962 -0.883411 -1.859033
0.840432 -0.522704 0.325791
1.216182 0.337966 -1.381382
-0.534999 -1.223833 1.542555
-0.251820 -0.298965 1.035862
-0.588334 0.075102 1.013179
0.947356 0.116240 -0.044494
1.415138 -0.122783 -1.215454
-2.237975 0.821396 0.161186
-0.697210 -0.261063 -0.680395
0.598784 -1.740647 -0.344691
-1.851713 1.512709 -1.312286
-1.958100 1.915398 -1.242157
0.591934 -0.564780 1.116396
-0.878304 0.882427 -0.787337
1.135044 -1.019427 -0.909537
0.786070 -3.419644 0.447962
-1.097478 1.776137 0.382420
-0.136192 0.927835 0.189052
-0.302905 0.280882 -0.506140
0.961603 -0.399329 2.232705
1.614492 -0.588948 0.098669
-2.360848 1.050170 -0.098006
-0.551081 -0.293962 1.047542
-0.654926 0.529441 -0.583124
-0.814946 -0.434828 -0.702450
0.499648 -1.172569 -0.202300
0.960432 0.711027 -0.214668
-0.115848 1.420928 -0.234587
-1.985002 -0.304839 1.498779
-0.946910 0.353250 -0.375300
1.651116 0.508048 -0.716287
0.938172 -2.145943 0.225613
-1.137659 -0.549395 -1.250470
-0.153103 -0.696099 0.161363
-0.733943 0.565924 1.140443
-0.541945 -0.302665 0.687497
1.425795 -0.224704 -1.575394
2.414957 -1.477286 -0.478060
-0.804599 -0.662489 0.627509
-0.208455 -1.385010 -1.885896
-0.088894 -0.188143 -1.623952
-1.172720 -0.433752 0.551109
-0.385497 0.649191 1.194709
-0.815870 0.320045 0.562905
-0.781820 0.709516 0.534466
-0.756336 -0.166757 1.886490
1.873941 0.789969 -0.647383
0.732498 0.075349 -0.936207
1.198997 -0.595156 -0.870675
-0.264927 -0.656509 -1.754255
-0.829738 1.319213 0.755929
-0.275063 -0.654070 0.072534
-0.665949 0.039285 0.476800
-0.473142 0.698378 -0.536237
-2.004540 -1.408250 -0.272477
-0.767365 -0.509835 -0.925188
1.145765 -2.044619 1.060044
-1.030883 -0.549258 0.411131
1.843798 -0.238970 -0.703865
0.474687 0.405171 1.052575
0.575462 -1.841091 -0.427109
-2.534070 -0.861189 0.028708
1.084155 -0.343490 -1.436859
0.344883 -0.245055 -0.523380
-1.733077 0.580560 -0.273000
-0.356389 -1.868165 -0.969605
-0.644445 -2.186809 -0.827367
1.266618 0.440664 -1.155661
0.377176 -0.236398 -2.376668
1.381816 -0.610877 0.522979
0.322612 0.811092 1.955648
-0.610500 -0.125812 -0.096764
-0.213298 -1.442756 -0.975584
-1.809422 0.054810 0.431342
-1.076082 0.300066 0.456364
-1.234188 -0.976097 -0.467318
-0.306215 -0.700108 -1.057198
-0.779138 -2.285047 1.164878
-0.157575 1.520954 1.232984
1.666500 2.221590 0.158363
2.912454 0.596572 0.296673
-0.666793 0.520783 -0.430168
-0.329123 0.334094 -0.287824
-0.579622 0.475493 0.365384
2.168223 -0.398516 -0.587520
1.310360 -1.293534 -0.087723
-0.578793 -0.830836 -0.106251
-1.043764 0.623329 -0.538861
0.168803 -3.540364 -0.218957
0.113831 -0.168272 -1.077981
-1.491650 -0.840632 1.885324
-1.434248 -1.477220 0.603449
-0.423242 -0.879374 0.181408
-0.724608 0.057842 0.718493
0.932593 0.524424 -0.422993
-1.133943 0.508863 -0.019690
1.691815 0.103724 1.011967
0.420727 0.189655 0.816816
1.405712 1.231640 -1.346590
-0.847420 -1.462768 0.315511
1.541002 -1.054639 -0.236295
-1.698079 -1.085496 -2.803834
0.008439 -0.329117 1.111590
-0.308842 0.394266 1.160954
-2.464066 -0.574005 0.159258
-1.178315 0.537219 -1.018048
-0.658312 0.961630 -0.088495
-1.130957 -3.032530 -0.923077
-0.357404 0.028051 -0.789289
0.832814 0.260112 -0.031201
-2.579990 0.648249 0.951050
0.618837 -0.882018 -0.612785
-0.889391 2.236030 0.439460
1.100398 0.788050 0.187511
-0.155476 -1.408534 0.199164
-1.684512 0.783134 0.349403
1.196012 -0.044529 -0.976439
1.553639 0.983790 1.555293
1.079150 -0.470384 0.392501
0.574011 -0.961295 0.313612
2.284123 -0.434360 -0.056032
0.973265 1.023869 -1.613103
-1.546038 0.722688 1.105605
0.280951 -0.270123 -0.468349
-0.084221 0.828094 0.294810
1.576996 -0.500864 -0.115684
-2.072108 2.690861 -0.161676
-0.403484 0.480108 0.557978
0.869790 -0.881173 0.272041
0.862653 -0.474375 0.188801
-1.543783 0.507240 -1.525223
-0.405139 0.403468 0.716917
1.284382 -0.445872 -0.216778
-1.605139 0.372803 0.776246
0.020016 0.040779 0.108007
0.039244 -0.834285 -0.209166
0.719864 -0.844100 0.530781
-0.045938 0.945593 0.631075
-0.355228 0.205974 0.740262
-1.165942 -0.223914 0.180575
-0.194250 -2.567807 1.945285
0.616526 1.718758 -0.984769
-1.266076 0.076253 -0.915226
-0.585063 -0.254684 0.496911
-1.868291 0.770757 -0.326844
-2.151043 0.532742 -0.396893
0.949585 -0.587198 -0.003693
1.753279 -0.701423 0.991281
0.513940 -0.586278 0.975608
0.832104 -0.335027 -0.096947
-0.099919 -0.094864 -0.957265
1.176710 -1.097352 1.067991
1.291279 -0.475381 -0.186932
0.816782 0.378697 -1.173699
0.114923 -0.122166 1.022637
-1.545006 0.553374 0.134586
0.219906 -0.834787 -0.746718
-0.578735 -0.919144 -2.245275
-0.944975 -1.084644 -1.123184
-0.328830 -0.132588 2.325900
0.311774 0.484045 -0.080085
0.046214 0.747266 -0.382577
1.154502 1.031464 -0.208752
-0.049636 0.307169 -1.583629
-0.891714 -1.331077 0.104466
0.496010 -1.457696 -0.191907
-0.115597 0.290289 0.058993
-0.062672 -0.648226 -0.935225
0.347100 -0.689142 0.542956
-0.399932 1.714910 0.981021
-1.328262 -0.075717 -1.982081
-0.240370 -2.043947 -1.215161
-0.977787 0.602524 2.403865
-0.694582 0.212844 -0.173063
0.236019 0.063820 1.282289
0.268072 1.299585 0.090771
-0.107282 0.145153 -0.789610
-1.057574 0.069374 2.033430
-1.354694 1.236821 0.335640
1.026602 -0.428617 2.599079
0.363127 0.613190 0.033429
-0.738943 -0.915134 0.921943
-1.802141 -1.231639 0.208381
1.298291 0.456249 0.221662
0.038650 0.824796 0.437051
-1.295896 -0.297353 -0.885013
0.549676 -1.077164 1.005513
-0.583084 -0.525816 -1.555731
0.430864 1.567120 0.138971
2.020149 -0.269683 2.481671
-2.189797 -0.602459 -0.846911
0.870031 -0.249711 -0.531388
1.114085 -0.791022 0.885121
0.350436 -0.030443 0.998617
0.714679 0.101430 -1.924554
-0.015975 0.119154 -0.314269
0.557270 -1.548442 1.222291
-0.672565 0.855179 -0.344439
-0.008206 -0.203565 -0.994532
0.872505 2.494714 0.071475
-1.464122 0.041591 1.104526
0.492545 0.880364 0.514267
-0.113424 0.907553 -0.762123
-0.586508 0.350272 -1.166513
0.473780 0.401691 0.958586
1.159625 -1.376919 -0.790404
1.247078 0.373698 -0.936677
0.714151 -0.512485 -1.852512
-0.218461 -0.887558 0.149937
0.314399 -0.490456 -0.749773
1.811759 0.831613 -0.810496
0.151132 -1.217064 0.376920
1.496472 -1.855027 1.835682
0.181133 0.859250 0.565248
-0.370176 0.536020 0.103021
1.686751 0.588033 1.390896
0.506139 0.229665 1.446174
0.367764 1.372913 -0.573270
-0.936946 0.130797 -0.019906
-1.020244 -1.111421 -0.265167
0.154081 -0.811825 -0.803271
1.528666 -1.650435 0.064417
-0.746131 -1.469820 0.687368
-0.304373 2.043755 -2.104445
-0.551196 -0.839652 -1.834042
-0.449628 -0.118517 0.764554
0.443909 -2.116497 -1.122973
0.511905 -0.025613 0.038949
-0.916462 0.412397 1.511577
-0.923061 -0.133400 -1.296587
-1.116717 -0.454538 -0.085316
-1.103035 0.299305 0.856208
-0.639359 -0.018562 -1.028300
-0.109868 -0.103989 0.994805
0.532880 -0.497049 0.464146
1.722461 -0.427361 2.432909
-1.176593 -0.690866 1.283074
-2.122897 0.723791 -0.458820
0.502712 -0.363367 -0.677411
0.495392 -1.024544 0.078721
1.517238 0.154182 0.685613
0.925108 1.584167 -1.153202
1.730400 0.888252 -1.195969
0.910481 -0.441185 -0.552928
1.348705 -1.375658 -0.289243
0.718282 -0.623729 0.169728
0.618812 1.686644 -0.315099
0.426263 0.070685 -0.284070
0.043018 1.539284 0.025555
1.231126 -0.886756 -1.132587
1.285420 -1.309216 -0.186391
-0.912606 1.156306 0.336924
-2.079464 -1.227647 -0.554094
-0.324984 1.416333 1.728246
1.226058 0.562176 0.502874
0.338083 2.047577 2.499085
0.032265 0.524828 1.213552
-0.423293 -2.013060 -0.761471
-0.968891 0.410286 -0.399297
0.072606 -1.860602 0.222795
-0.746293 -0.812899 0.799611
-0.345576 0.580576 -0.290794
1.280164 0.871759 0.262279
-0.281324 0.299702 1.708844
-0.339443 0.593558 -0.121664
1.880542 -1.417131 0.486293
-2.337488 0.388773 -0.071947
0.912422 1.163808 -0.509334
0.390615 -0.783789 -0.838777
0.088507 0.354566 1.511709
1.740945 1.489259 0.519123
0.993304 -0.166313 0.463258
-0.227975 1.449492 3.010763
-0.198712 -1.280297 -0.499971
-1.128921 0.233565 -1.138269
-1.712641 0.271684 1.100461
-0.733819 -1.822597 0.785081
-1.279501 0.219016 -1.497938
0.521496 1.043869 0.636890
-0.825383 0.698445 -0.561243
0.133852 0.921800 -1.399345
0.274311 -0.153294 -0.962735
-0.856714 -1.489747 0.945965
-0.994890 0.063369 -0.105906
0.718778 -0.827278 0.065270
-0.870989 -1.595735 -0.827087
-1.048589 0.780465 1.075958
1.547215 -0.211728 0.467023
-0.640962 -1.561500 0.221776
0.458293 0.333506 -1.543099
0.883165 0.381825 -0.632429
-0.251966 -1.172505 2.475623
0.622618 0.649568 0.671817
1.210606 0.588406 -0.614692
-1.102624 -1.168225 -1.384454
-1.353549 -0.138686 1.420517
-1.497168 -1.802575 0.500685
-0.241969 0.303059 0.700367
0.815509 -0.176619 -0.241500
0.058233 -1.259122 -0.624425
-1.387513 0.031384 -0.370624
-1.955940 -0.463953 1.280516
-0.821728 0.554175 -0.676755
0.778950 -0.209100 -0.492130
-0.132327 1.001247 -0.385470
-0.039304 1.355766 -0.621201
0.949773 -1.630422 -0.223084
-0.508962 0.127394 -2.222743
1.258067 0.525938 -0.255323
-0.105403 -0.376712 -0.463499
1.392729 -1.680265 0.052797
-1.096179 -0.347670 1.828870
0.365610 0.815663 1.812660
0.301715 -1.250347 0.237382
0.737628 0.302942 -2.730378
0.128603 -0.851688 -0.918821
0.445439 1.052171 0.233251
0.388144 -0.541978 0.803728
0.418964 0.449793 0.767072
0.055549 2.229775 0.455327
-0.299353 -0.273665 0.352534
0.455745 2.318806 1.385103
1.282885 0.904389 0.003567
1.857798 -1.383122 0.010445
0.978494 -0.922408 -0.550167
0.161259 0.115773 0.470254
-0.447112 0.498191 -0.581262
-0.020985 -0.884874 0.264280
-2.102490 1.375904 -0.004933
-0.447881 0.386750 -1.860402
-0.290433 3.042639 2.611032
0.278263 0.035832 -0.796764
-0.123393 -1.009054 -0.347485
-1.815153 0.005966 0.984815
-0.822100 -0.708665 0.318486
-0.409877 1.199511 1.153849
2.061750 -0.673472 -1.042311
0.851620 0.066869 0.596029
0.781128 -0.786474 -0.915372
-0.535664 -0.103040 -0.624799
-0.306633 2.056284 2.094844
-0.738906 -2.062725 0.376049
1.548871 -1.625362 -1.603571
0.399771 0.600132 1.374440
-0.192714 1.692014 1.033413
0.268904 2.039496 -1.380686
-0.188568 1.606274 0.826362
-0.093656 0.039166 1.146928
0.117105 0.629203 1.292433
0.025342 1.772424 0.947753
0.617333 1.713620 0.500588
0.992968 1.681721 -0.579953
2.161857 1.173143 -0.103199
1.078619 -0.032939 0.852388
-0.195438 0.796024 -0.710352
0.803664 -1.063418 -0.114218
0.087246 1.363222 0.059710
2.243421 -0.524598 0.972896
-0.564168 1.125637 0.518811
-0.380164 -0.572725 -1.003603
-0.368157 -1.005440 0.055048
-0.067409 0.818183 -1.370475
1.376538 -0.652004 -0.767486
0.062845 -1.041605 -0.925365
-0.197406 -0.208187 2.602914
-0.465821 -1.171504 1.483408
-0.531870 -0.935359 -1.066507
-0.510790 -1.228202 0.537201
-1.323637 1.301715 -0.852595
-0.552313 0.633332 0.224261
-0.442936 -0.597029 1.846805
1.438112 -0.748650 -0.754091
-0.667848 2.334739 -0.141640
0.483910 0.989233 -0.349829
-1.140129 1.060748 -1.540466
-0.678584 1.566062 -0.574542
0.282373 -0.708289 -1.784057
-0.418731 1.299367 -0.067498
0.195918 0.005460 0.082216
1.206835 0.390172 -0.163062
0.273790 -0.876315 0.997488
0.652298 -0.019540 -0.250298
-2.394719 -0.314631 1.832942
2.324752 -0.117083 -0.646553
0.603954 -1.958059 -1.377010
-0.384174 1.427316 -0.671491
1.524705 1.126734 2.146782
0.176668 0.099550 1.242272
-0.661755 -0.939445 -0.606009
1.830313 -0.452260 2.380781
-1.564128 0.230363 -1.486423
-0.235268 2.104882 -0.744141
0.824456 1.948968 0.822334
-0.513139 0.728156 2.341659
0.666045 -0.029599 0.113207
0.527708 -1.371417 1.578441
-0.322549 0.523869 -0.063861
-0.448329 -1.287770 -0.004332
0.047199 -0.332928 -1.431982
-0.610786 -0.519236 0.950870
-1.579551 -0.926043 -0.726240
-0.100719 -1.107785 0.137235
-0.319675 -0.340620 -1.093667
0.893390 -1.565912 -1.221126
0.370815 1.346284 -1.391311
1.577295 -0.385254 -0.977496
-0.652260 -0.683014 0.281846
1.874001 1.769178 -0.572642
-1.065588 0.277967 1.248388
-0.457013 -1.432038 -0.550269
-0.205085 0.540797 1.206700
0.878096 0.929730 0.950191
0.176954 -0.254081 -1.085187
-1.888162 -0.730782 -0.057645
0.267919 0.379348 1.508748
0.603701 -0.263509 1.619403
0.917483 -1.296128 -1.557484
0.608675 -0.378452 -1.564522
0.548473 0.268344 -2.629558
-0.948237 0.471398 0.265755
-0.248649 0.741774 -0.371562
1.628717 -0.656576 0.218270
-1.035047 -0.796923 2.767232
-0.977530 0.036916 -0.496792
-1.213256 -0.506392 -1.288820
0.372737 -0.454590 0.937785
-0.242251 0.213845 0.450969
-1.516435 2.397121 1.354469
1.439964 0.268983 -0.163789
0.503032 -1.501303 -0.065516
-0.403674 1.333605 -0.177812
0.162358 -1.523857 1.458873
-0.714279 0.674902 0.774628
0.629433 -0.421195 -0.780429
0.082524 0.068336 0.368852
-1.467231 0.264731 0.721773
0.869952 0.231598 -0.185620
-1.600496 0.231187 0.144703
1.816071 0.048189 1.583091
-0.083947 0.834270 0.161141
-0.820785 2.605018 -0.852965
-1.036641 -0.830520 -0.447391
0.383328 -0.262842 0.751228
1.306193 0.947829 -0.463716
1.388258 0.780900 -0.694510
1.077351 0.402532 -2.085415
0.545644 -0.675649 -0.744458
0.560411 0.690972 -0.732765
1.532077 0.694868 0.141444
0.174701 0.946803 -0.781976
1.172787 -0.970290 -0.181798
-1.360015 -0.104165 0.715258
-0.886526 -1.145874 1.573058
-0.833546 -0.477559 0.508896
0.090902 -0.858158 -0.018745
0.133615 0.856020 0.018469
-0.453479 -0.646689 -2.250936
0.849124 0.400704 0.625410
1.285912 0.248170 -0.485636
0.970596 1.887007 -1.868372
1.614212 0.136274 -0.794207
-0.937678 0.557536 -0.082115
-0.544412 -0.649473 -1.726536
0.291356 0.834134 1.450985
-0.093082 -0.777195 -0.519735
-0.248859 0.393546 0.251966
-0.653843 -0.028320 0.252796
-1.982582 1.153384 -0.267934
-0.385525 -0.885739 -0.396614
0.051249 0.489856 1.149902
-0.193028 0.980704 -1.047602
1.509806 -1.631992 -0.096787
-0.309976 -1.086030 1.249087
0.028911 0.604808 -0.538509
0.066033 0.043035 -0.497084
-0.379074 -1.120379 0.839909
-1.007952 1.006559 -0.725586
-0.807185 0.090921 0.849867
-0.823239 -0.277176 0.327985
1.352337 -0.856461 -0.585963
0.023888 -1.534289 -0.433783
0.023333 -2.510260 -0.119530
0.819856 0.257962 1.193043
-0.411209 -0.052050 -0.529200
-0.470504 -0.744791 0.371236
-1.131741 -0.799036 0.965952
0.293150 -0.143329 0.016165
0.550044 -1.240984 0.822331
-0.255265 -1.057074 -0.624169
1.670640 1.587100 -0.978373
-1.002922 -0.009895 -0.025110
-0.942950 -0.252000 -1.294953
-0.959477 0.202920 -0.981736
0.349395 0.750235 -0.065313
0.184674 -0.846302 1.746844
-1.756303 0.872463 -0.640837
0.257785 -1.122258 0.444822
0.224849 0.592367 0.914996
-0.178438 -1.367234 -0.377208
-0.213473 0.462598 0.248720
-0.063762 -2.415298 -0.437469
-0.418346 -1.318153 0.551920
-2.214075 -0.061544 0.101177
-0.596033 1.288060 0.830578
0.319454 -0.257842 -0.593490
1.051397 -1.628384 0.845309
0.496722 0.146449 0.309765
-0.900573 0.561038 -0.160560
0.110410 -0.010656 -1.845416
-1.476660 -0.307760 -0.638466
0.698221 -0.233615 -0.899421
-1.802331 -0.003229 -0.595120
0.105536 -0.420425 1.176758
-1.235067 0.526509 -0.317737
0.530019 -1.892891 -0.945189
-0.854794 -0.368487 0.389917
0.470233 -0.679300 -0.383618
0.186611 -0.019614 1.138385
1.657051 -1.771198 -0.624009
1.193257 -0.499227 0.637436
-2.598770 0.865454 -1.344987
0.583604 0.918971 0.462335
0.308384 0.356766 0.171279
-0.909582 0.293966 -0.122097
-0.948559 -1.905935 -0.008807
0.484978 -1.167652 -1.023413
-2.518363 1.525147 1.112319
-1.273867 0.428504 -0.396940
-0.998935 0.525084 -0.065214
-1.435741 -0.517739 0.532574
0.365019 -0.178381 0.349664
-0.492850 0.734844 1.341515
1.113943 1.263455 -0.148469
-1.105041 -1.105376 1.807649
-0.630715 -1.619774 -0.257263
-0.075377 0.082197 0.916346
0.490207 -0.793413 1.542837
1.232269 0.658108 -1.754773
-1.414174 0.916551 2.090525
0.392489 1.430578 -0.931356
-0.384141 0.492842 -0.198100
0.682780 -0.308108 0.350272
-0.765740 -0.463508 -0.421514
-0.928500 0.008754 -1.070519
0.815572 0.357033 -1.276932
-1.609931 0.245198 -0.381088
0.445892 -1.487611 0.210657
0.761720 -0.755501 0.684768
0.537142 0.430313 -1.165086
-0.382532 0.633977 -0.283632
-0.007399 0.921110 -0.481676
0.686422 -0.953325 -1.506840
-0.410677 0.006527 0.029597
0.396233 2.036365 -2.040494
0.332315 -0.007623 -0.455920
0.828008 -0.064687 0.510064
0.286254 -0.041039 0.969565
-1.605664 0.324719 1.173568
-1.531357 0.457598 1.548572
1.615898 0.695171 -0.902910
0.786357 0.612252 -0.194492
0.748426 -2.166500 0.310639
1.297121 -1.499537 -0.563780
-1.065088 -0.018314 -0.665060
-0.082216 0.269936 1.637837
-2.889978 0.754504 0.753295
-0.910777 -0.881154 0.388998
0.014569 0.939476 -0.909389
-0.539911 -1.451160 -0.082005
0.772032 0.494889 -0.075772
-0.702317 0.326351 0.614461
1.388866 0.383944 -0.454334
-0.564931 -0.214243 -0.409679
0.127973 1.525601 -1.150814
-1.431157 0.627176 -0.176069
-2.684929 -0.969255 0.248186
-0.628280 0.060369 -0.042866
1.278952 0.683158 -0.874604
0.875411 -2.155689 -0.731258
0.901331 -0.033184 -0.944226
-0.814250 -0.069442 -1.336214
2.814761 -2.513126 -2.724621
-1.918675 0.710800 0.829737
3.434545 0.310334 -1.248545
1.224256 0.472581 0.031917
-0.937957 0.287716 0.536544
-0.243508 -0.120817 1.042957
0.680207 -2.449317 0.701843
-0.290433 -0.972203 -1.107901
-0.589603 -0.048222 0.526492
0.160076 1.438124 0.072198
0.712967 -0.243462 0.076226
-0.412875 1.327677 1.955019
-0.878417 -0.100312 1.134648
0.447559 1.747255 -0.313248
-0.176165 -0.603035 0.230721
0.687628 1.052083 -0.103662
-1.460640 1.177191 -0.968571
-2.338794 1.997043 0.565220
-0.302555 -0.505730 -0.241058
-0.929454 0.508798 -0.002455
0.524627 -0.367021 -2.385889
0.387418 1.856729 -0.380713
-0.533978 -0.371067 0.312199
-0.385472 0.433630 0.800741
1.497233 -0.227911 0.843658
0.926948 0.471555 1.229633
0.394346 -1.664135 0.713863
1.053723 0.243614 0.423842
0.376517 1.514659 -0.630601
0.294454 -1.028064 -1.037675
1.746725 0.207817 -1.153008
-1.924988 -1.553276 1.131622
0.374192 -0.998301 -1.193362
0.362881 1.059698 0.430640
-1.015606 0.311937 0.457911
-0.670182 0.504265 -0.383490
0.742373 -0.418617 0.003006
-0.571547 -1.137234 2.840935
-0.045597 0.859809 -1.681693
0.958243 -0.535892 -0.674891
-0.496234 0.019652 1.203156
0.503975 0.463080 0.288179
-1.721803 0.416856 -1.916058
0.150243 -0.582537 -0.239101
2.266154 -0.360208 0.299474
-0.329923 0.507136 1.887286
-1.298352 0.548150 0.235202
-0.175171 1.361821 0.386914
0.681696 1.739656 -1.791964
1.279221 0.689772 2.961294
-2.001727 1.322979 -2.633797
-0.311188 0.132594 2.335404
1.559931 1.521059 -0.556286
-1.185355 0.215979 0.102447
0.109093 -0.593782 -2.291604
0.432992 -0.362167 0.006295
-1.065241 0.339864 -2.332515
-0.204596 0.492451 0.280319
-0.858662 1.715421 -0.036601
-0.449560 0.354819 0.662658
0.281976 -0.127553 0.842466
0.568132 1.004779 0.345080
-0.260146 0.698839 -1.480761
-1.752419 -0.566996 -0.093139
-0.200347 -2.347291 1.177738
0.612760 -0.765408 -1.266827
-1.098465 0.515183 1.124015
1.150556 0.804762 -0.513760
-0.171854 -0.025534 -0.125034
-0.869876 0.329067 1.023529
-1.750524 1.600587 -0.194447
0.308387 0.843445 0.517704
-2.144525 0.074777 0.930555
-0.160535 -1.872575 0.105414
-1.726007 -0.028094 -0.475328
1.293535 -0.806404 0.075479
0.541024 0.045479 0.380229
-1.826215 -0.081832 -2.286689
-1.407748 0.702029 0.425246
1.187312 -2.526450 -0.525018
2.240026 0.265506 0.305086
0.221535 0.186309 0.344921
-0.181435 0.022970 -2.139359
0.092690 2.025092 0.171925
0.806956 0.651936 -0.197758
0.225411 -0.625214 0.882204
1.512148 -0.944061 0.178107
0.054706 -0.652280 0.393393
1.751353 0.385945 -0.782103
-0.053098 2.419081 -0.425069
-1.051574 -0.223211 0.045609
-0.855103 0.811715 -0.303342
-0.101699 -1.294536 -0.620181
0.156596 0.765631 1.090539
-0.565648 -0.347759 0.257429
1.982339 0.324164 0.605411
-1.339955 -0.597759 0.746770
-0.028736 -1.275840 -0.630224
0.180095 1.190285 0.071996
-0.523777 -0.537221 -1.673631
0.992863 0.260834 0.906424
0.928298 0.879728 -0.032250
1.057539 -1.386208 1.481323
0.634564 0.119292 2.158716
-1.273107 0.743237 1.533216
0.446158 -1.740431 -0.453184
-0.552851 0.950283 1.682158
1.830755 0.097063 -0.306002
1.493383 0.900384 -0.508930
-0.671172 -1.456886 1.183105
-2.237374 2.332746 0.506078
-1.574804 -0.282929 -1.454428
-1.475781 0.913881 2.149907
-0.620745 0.878390 -0.697316
-0.877543 -0.481735 -0.144722
1.585949 -0.067994 -0.101368
-0.243992 1.028023 -0.750919
0.975374 -0.365484 0.563273
0.783457 0.366495 1.633415
-0.742127 0.887282 -0.893422
-0.404328 2.110317 0.052345
-0.321893 1.086964 0.290086
-0.272599 2.533640 1.847426
-0.528181 0.421515 0.566222
-0.873801 -0.231965 1.312657
0.334318 -1.085928 1.737873
-0.431894 -0.221540 -0.415446
1.276978 -0.930078 -0.646436
0.924832 0.214345 -1.403206
0.468449 0.010379 0.972215
-1.541427 0.765547 0.626127
1.438958 -0.776113 0.096662
-0.682482 -1.203323 0.240604
-0.427673 1.653700 0.679456
0.478971 0.074139 1.840021
0.673855 0.355026 -0.385184
-0.816978 -0.760927 0.656372
-0.545884 0.429785 -0.400789
-0.650919 -1.248581 0.003492
1.486227 2.024081 -0.529304
0.399996 0.037006 0.871511
-0.388597 0.580272 1.310949
1.141501 0.652193 0.044544
1.418667 -1.652261 -0.385844
-0.582653 1.207586 1.752365
-0.340768 0.222297 0.625344
-0.174999 0.840953 0.087108
0.020080 0.937373 0.743982
2.164543 -0.759077 -0.278594
-1.885277 0.526289 0.343836
0.579030 -0.656389 -1.164567
0.366788 0.241990 0.490866
-0.747515 1.318338 0.553000
1.237050 -0.969866 0.599861
0.163244 -0.998903 1.210285
-0.526980 -0.214602 1.921993
-1.393519 0.244621 0.664989
0.986771 0.661342 1.193636
0.228084 -0.408859 -0.989822
-0.228916 0.803022 0.138892
-1.376629 0.756726 -1.147013
2.136264 -0.580083 -0.029958
-0.780224 -0.717453 -0.508990
0.976422 -0.405068 0.512922
-0.239957 -1.007592 0.244173
1.051521 0.366993 -1.013483
-0.465902 -0.525952 1.405702
2.038119 0.422980 1.097343
0.540757 0.197299 -1.423717
0.586287 -0.714076 -3.864931
0.836399 -0.448627 0.697061
1.017288 0.077263 1.098400
0.517982 -1.198825 0.886185
-1.821140 1.332750 -0.384390
-1.463290 -0.409365 -0.931471
0.826164 -0.781635 -0.244712
-1.370905 -0.586623 0.862989
1.961459 -0.612546 0.014586
-0.927021 -1.035683 0.450256
0.049530 1.057349 -0.990735
1.005875 -1.614030 1.196000
0.752507 -0.698685 0.542900
1.905986 -1.654659 0.708960
-0.996188 0.975752 -0.019068
-1.382972 2.077826 2.215214
-0.194752 -0.765640 -0.658172
1.620404 -0.313227 -2.171201
0.741519 -0.392698 0.358374
-0.870423 0.470467 -1.184531
-0.968555 -1.386478 -0.642905
0.358320 0.895445 -0.657290
0.928571 -0.987787 1.179567
-1.120493 0.068721 1.747104
-0.834825 -1.100695 1.303123
-0.007587 -1.413936 -0.193579
0.541465 -1.510035 -0.852337
-0.102854 -1.859172 -0.995033
-0.107329 -1.622232 2.282815
-0.752789 -1.545338 1.953105
-0.315268 1.304323 -0.200924
-1.126135 1.178744 0.286596
-1.422338 -0.299136 1.013131
1.744017 0.551070 0.883195
0.616285 -0.983885 0.766047
-0.350390 -0.022642 0.752173
0.379888 0.035983 -0.660879
-0.003119 0.909104 -1.914516
2.142022 -0.620123 1.082501
-0.658433 -0.140161 0.081900
0.927704 -0.122653 -1.298648
1.547176 0.621436 -0.582967
0.959252 -0.162810 -1.651274
-0.603498 -0.446388 -0.210341
-0.035480 0.108553 -0.626089
0.165166 1.059644 0.346776
2.770917 -0.660091 -0.343403
-1.659117 -0.602258 -1.194076
2.307620 -1.041360 1.345129
0.328532 -0.413542 -0.708143
1.939675 -0.165354 -0.696173
-0.717090 -0.206982 0.830175
0.563098 0.940906 -0.457471
-0.198057 0.194550 2.640275
-0.338053 0.175335 1.082845
1.288392 1.139852 -1.934319
0.224138 1.163881 0.739712
